export/dgm_25.asc
ncols        40
nrows        80
xllcorner    4490650
yllcorner    5320200
cellsize     25
NODATA_value  -9999
[rows 0 to 24 of 80, columns 0 to 39 of 40]
557.20001220703125 556.5 555.9000244140625 556.9000244140625 557.4000244140625 557.29998779296875 556.5999755859375 555.0999755859375 554.5 553.5 553.29998779296875 553.70001220703125 553.9000244140625 554.29998779296875 554.5999755859375 553.5999755859375 547 547.20001220703125 554.20001220703125 556.70001220703125 557.0999755859375 557 558.0999755859375 558.5 558.29998779296875 558.29998779296875 557.79998779296875 557.5999755859375 557.0999755859375 556.5999755859375 555.0999755859375 553.0999755859375 546.5999755859375 550.4000244140625 548.70001220703125 547 547.5 550.70001220703125 552.4000244140625 552.20001220703125
556.20001220703125 555.5999755859375 554.9000244140625 555.70001220703125 555.70001220703125 555 554.5 553.5 552.79998779296875 551.29998779296875 550.20001220703125 550 550.4000244140625 550.70001220703125 550.70001220703125 547.79998779296875 544.9000244140625 545.70001220703125 550.5 552.0999755859375 551.5 553.5 554.9000244140625 555.29998779296875 555 554.79998779296875 554.5 554.4000244140625 554 553.5 552.79998779296875 552.5 551 544.20001220703125 542.9000244140625 541.79998779296875 541.0999755859375 544.4000244140625 548.4000244140625 550.20001220703125
554.70001220703125 554.0999755859375 553.70001220703125 554.20001220703125 553.9000244140625 552.9000244140625 552.29998779296875 551.9000244140625 551.20001220703125 550 547.79998779296875 547.79998779296875 547 546.5999755859375 545.79998779296875 543.5 542.20001220703125 543.4000244140625 546.0999755859375 546.4000244140625 547.5999755859375 549.9000244140625 552.0999755859375 553 553.29998779296875 553.0999755859375 552.70001220703125 552.5999755859375 552.29998779296875 552.20001220703125 551.9000244140625 551.9000244140625 550.70001220703125 548.9000244140625 545.4000244140625 540.79998779296875 539 536.79998779296875 542.5 548.5999755859375
553 552.5 552.4000244140625 552.5999755859375 552.4000244140625 551.5999755859375 551.0999755859375 550.79998779296875 549.9000244140625 548.5 547.20001220703125 544.9000244140625 543.9000244140625 543 541.4000244140625 540.20001220703125 539.79998779296875 540.5999755859375 540.9000244140625 541.79998779296875 543.5999755859375 546.20001220703125 549.4000244140625 551.5 551.79998779296875 551 550.20001220703125 550 549.9000244140625 550.5 550.79998779296875 550.70001220703125 550.4000244140625 549.4000244140625 548.29998779296875 546 539.70001220703125 535.70001220703125 533.4000244140625 545.20001220703125
551.70001220703125 551.20001220703125 551.0999755859375 551.0999755859375 551 550.5 549.9000244140625 549.70001220703125 548.9000244140625 547.5999755859375 546.29998779296875 543.29998779296875 542.70001220703125 541.5999755859375 539.5999755859375 538 538.70001220703125 538.29998779296875 538 538.5 540 543.4000244140625 547.5 550 550.5 549.29998779296875 544.29998779296875 546.0999755859375 546.79998779296875 547.70001220703125 548.29998779296875 548.0999755859375 547.9000244140625 547.20001220703125 547.0999755859375 546.5999755859375 545.0999755859375 536.4000244140625 531.79998779296875 540.5
550.29998779296875 549.79998779296875 549.5 549.20001220703125 548.79998779296875 548.5 548.29998779296875 548.70001220703125 547.70001220703125 546.29998779296875 544.20001220703125 542.5999755859375 542 541.79998779296875 542.0999755859375 541.9000244140625 542.0999755859375 536.5 537.4000244140625 535.70001220703125 537 541.20001220703125 545.29998779296875 548 547.79998779296875 546.20001220703125 539.9000244140625 542.9000244140625 542.9000244140625 543.79998779296875 544.20001220703125 544.4000244140625 544.5 544.4000244140625 543.70001220703125 543.5999755859375 543.79998779296875 540.0999755859375 529.9000244140625 532.5999755859375
549.5 548.79998779296875 548.20001220703125 547.79998779296875 547.4000244140625 547.0999755859375 547 547.70001220703125 546.20001220703125 545.0999755859375 543.9000244140625 543.20001220703125 543.5 544.0999755859375 544.5999755859375 545.0999755859375 543.29998779296875 540 534.79998779296875 534.4000244140625 534.5 539.4000244140625 543.5 545.5 544.4000244140625 542.5 540.5 535.9000244140625 538.4000244140625 539 539.5 535.20001220703125 536.5999755859375 540.20001220703125 538.5 538.5999755859375 539.4000244140625 540.0999755859375 530.5999755859375 529.70001220703125
548.9000244140625 547.79998779296875 547.20001220703125 546.9000244140625 546.5999755859375 546.20001220703125 545.9000244140625 546.29998779296875 546.4000244140625 545.20001220703125 544.5 544.79998779296875 545.9000244140625 546.5999755859375 547.20001220703125 546.5999755859375 542.5999755859375 537.9000244140625 533.79998779296875 533.20001220703125 533 536.9000244140625 541.70001220703125 542.29998779296875 541 538.5999755859375 535.79998779296875 533 532.79998779296875 532.4000244140625 531.20001220703125 529 528.5999755859375 530.5 530.5 532.0999755859375 533 535.4000244140625 530.5999755859375 527.4000244140625
545.0999755859375 545.70001220703125 545.9000244140625 545.70001220703125 545.5 545.79998779296875 545.9000244140625 545.9000244140625 546.5999755859375 545.70001220703125 545.70001220703125 546.4000244140625 546.70001220703125 546.5 546.20001220703125 545.20001220703125 541 536.79998779296875 533.20001220703125 532.4000244140625 531.79998779296875 533.9000244140625 537.79998779296875 538.79998779296875 536.5 533.20001220703125 529.5 526.9000244140625 526.20001220703125 525.9000244140625 525.20001220703125 524.5999755859375 525 524.79998779296875 525.0999755859375 526.0999755859375 526.5 528.0999755859375 526.20001220703125 525.79998779296875
541.5999755859375 542.0999755859375 542.5999755859375 542.5999755859375 543.0999755859375 543.70001220703125 545.70001220703125 545.5 545.70001220703125 546 546 546.4000244140625 546.70001220703125 545.79998779296875 544.20001220703125 542.5999755859375 540 536.5 533 531.5 530.5999755859375 531.20001220703125 533.9000244140625 534.4000244140625 530.5999755859375 526 522.70001220703125 522.20001220703125 522.5999755859375 522.20001220703125 522.0999755859375 522.5 523.0999755859375 522.9000244140625 523 522.9000244140625 523.70001220703125 524.4000244140625 524.4000244140625 524.9000244140625
537.29998779296875 538.0999755859375 538.70001220703125 539.0999755859375 540 540.4000244140625 541.0999755859375 542.70001220703125 544.0999755859375 544.70001220703125 545 545.5999755859375 545.20001220703125 543.4000244140625 541.79998779296875 540.4000244140625 538.9000244140625 536 532.5 530.5 529.5999755859375 529.0999755859375 530.70001220703125 529.9000244140625 525.4000244140625 522.70001220703125 521.0999755859375 520.0999755859375 519.79998779296875 519.4000244140625 520.20001220703125 521.4000244140625 521.4000244140625 521.79998779296875 521.9000244140625 522 522 523.0999755859375 523.70001220703125 524.20001220703125
532.79998779296875 534.20001220703125 535.4000244140625 536.0999755859375 536.79998779296875 536.9000244140625 537.0999755859375 538.79998779296875 540.4000244140625 541.9000244140625 542.79998779296875 543.20001220703125 543.29998779296875 541.4000244140625 539.9000244140625 538.5 537.0999755859375 534.70001220703125 531.79998779296875 529.9000244140625 529 526.9000244140625 526.9000244140625 526.9000244140625 524.9000244140625 522.5 520.79998779296875 519.20001220703125 518.70001220703125 518.5999755859375 519.70001220703125 520.79998779296875 521.0999755859375 521.20001220703125 521.29998779296875 521.29998779296875 521.5 522.29998779296875 523.0999755859375 523.79998779296875
529.5999755859375 530.4000244140625 531.79998779296875 533 533.79998779296875 534.20001220703125 534.79998779296875 536 537.0999755859375 538.5 539.79998779296875 539.9000244140625 541 539.5 538.29998779296875 536.79998779296875 535.0999755859375 533.5 531.4000244140625 529.0999755859375 527.0999755859375 526.29998779296875 526.5 525.20001220703125 524.5999755859375 522.29998779296875 520.9000244140625 519.0999755859375 518.4000244140625 518.5 519.20001220703125 520.20001220703125 520.79998779296875 521.20001220703125 521.29998779296875 521.29998779296875 521.5 522 522.29998779296875 522.70001220703125
527.5999755859375 528.4000244140625 529.0999755859375 530 530.79998779296875 531.5 532.0999755859375 533.29998779296875 534.4000244140625 535.29998779296875 536.5999755859375 537.5999755859375 537.5999755859375 537.5 536.70001220703125 535.5999755859375 534.4000244140625 532.5999755859375 530.79998779296875 528.79998779296875 526.0999755859375 525.29998779296875 526 523.79998779296875 523.0999755859375 521.5999755859375 520.5999755859375 519 518.4000244140625 518.4000244140625 519 519.70001220703125 520.4000244140625 520.70001220703125 521 521.20001220703125 521.4000244140625 521.5 521.4000244140625 521.79998779296875
527.0999755859375 526.9000244140625 527.20001220703125 527.5999755859375 528.0999755859375 528.9000244140625 529.4000244140625 530.70001220703125 531.70001220703125 532.29998779296875 533.29998779296875 534.70001220703125 534.5999755859375 535.5 535.20001220703125 534.9000244140625 534.29998779296875 532.79998779296875 531 528.79998779296875 525.70001220703125 522.70001220703125 522.70001220703125 522.5 522.5 521 520 518.5999755859375 518.0999755859375 518.5 519 519.4000244140625 519.9000244140625 520.29998779296875 520.29998779296875 520.20001220703125 520.5 520.79998779296875 520.79998779296875 521
526.9000244140625 526.79998779296875 526.9000244140625 526.9000244140625 527 528.0999755859375 528 528.29998779296875 529 529.79998779296875 530.29998779296875 531.4000244140625 531.79998779296875 533.0999755859375 533.29998779296875 532.9000244140625 533.0999755859375 532.20001220703125 530.70001220703125 528.5999755859375 525.20001220703125 522.5999755859375 522.4000244140625 522.29998779296875 522.70001220703125 520 519.29998779296875 518.20001220703125 517.79998779296875 518.20001220703125 518.70001220703125 518.9000244140625 519.20001220703125 519.5 519.79998779296875 519.5 519.5 520.20001220703125 520.29998779296875 520.5999755859375
526.9000244140625 526.79998779296875 526.79998779296875 526.79998779296875 526.9000244140625 527.5 527.5999755859375 528.0999755859375 527.9000244140625 528.20001220703125 528.5999755859375 529.0999755859375 529.29998779296875 530.79998779296875 530.70001220703125 531.0999755859375 530.79998779296875 530.5 529.70001220703125 527.20001220703125 523.9000244140625 521.70001220703125 522.5 522.5 521.70001220703125 519.20001220703125 518.70001220703125 517.9000244140625 517.5 517.70001220703125 518 518.29998779296875 518.5 518.5999755859375 519.4000244140625 519.5 518.70001220703125 519.79998779296875 519.70001220703125 519.79998779296875
526.79998779296875 526.9000244140625 527 527.0999755859375 527.29998779296875 527.70001220703125 527.5999755859375 528.29998779296875 528.29998779296875 528 527.5 527.79998779296875 528.0999755859375 528 528.5999755859375 528.70001220703125 527.9000244140625 527.9000244140625 526.5999755859375 524.9000244140625 522.5 521.0999755859375 522.0999755859375 522.5 520.9000244140625 518.5999755859375 518.20001220703125 517.70001220703125 517.4000244140625 517.29998779296875 517.4000244140625 517.5999755859375 517.9000244140625 518.29998779296875 519 518.70001220703125 517.29998779296875 519.4000244140625 519 518.79998779296875
526.5 526.9000244140625 527.29998779296875 527.4000244140625 527.4000244140625 527.29998779296875 527.0999755859375 527.20001220703125 527.5 527 525.5 525.5999755859375 526.0999755859375 526.5999755859375 526 526.5 525.5 524.79998779296875 523.70001220703125 522.70001220703125 521.5999755859375 520.4000244140625 521 521.0999755859375 520.0999755859375 518.29998779296875 518 517.5999755859375 517.4000244140625 517.29998779296875 517.20001220703125 517.29998779296875 517.5 517.70001220703125 517.5 516.79998779296875 516.0999755859375 518.70001220703125 518.20001220703125 517.70001220703125
526.5999755859375 527.20001220703125 527.5999755859375 527.20001220703125 526.4000244140625 526.4000244140625 526.9000244140625 526.79998779296875 526.0999755859375 526.20001220703125 525 524.4000244140625 524.70001220703125 523.79998779296875 522.79998779296875 522.20001220703125 521.4000244140625 520.70001220703125 520.0999755859375 519.5999755859375 519.9000244140625 519.4000244140625 519.29998779296875 519.20001220703125 518.79998779296875 518.0999755859375 517.9000244140625 517.70001220703125 517.5 517.29998779296875 517.20001220703125 517.0999755859375 517 516.79998779296875 516.5 516.5999755859375 516.79998779296875 516.70001220703125 516.0999755859375 515.79998779296875
526.70001220703125 527.29998779296875 527.5999755859375 527 526.70001220703125 526.4000244140625 526.0999755859375 525.79998779296875 525.29998779296875 524.5 523.5 523.4000244140625 523.9000244140625 523.4000244140625 522.4000244140625 522.0999755859375 521.5 520.9000244140625 520.4000244140625 519.79998779296875 519.20001220703125 519 519 518.70001220703125 518.5 518.20001220703125 518 517.9000244140625 517.5999755859375 517.5 517.29998779296875 517.20001220703125 517 516.5999755859375 516.5999755859375 516.9000244140625 517 515.5999755859375 515.5 515.20001220703125
526.70001220703125 527.0999755859375 526.0999755859375 526.29998779296875 526.5999755859375 526.29998779296875 526.70001220703125 526.4000244140625 525.79998779296875 522.4000244140625 522.79998779296875 523.5 524 523.5999755859375 522.29998779296875 521.5 521 520.70001220703125 520.20001220703125 519.70001220703125 519.4000244140625 519 518.70001220703125 518.4000244140625 518.20001220703125 517.9000244140625 517.70001220703125 517.70001220703125 517.4000244140625 517.4000244140625 517.4000244140625 517.29998779296875 517 517.20001220703125 516.9000244140625 515.70001220703125 515.9000244140625 514.5999755859375 514.70001220703125 514.4000244140625
526.0999755859375 526.5 526.20001220703125 525.9000244140625 529.0999755859375 528.5 526.20001220703125 524.9000244140625 524 523.20001220703125 523.29998779296875 524.5 524.79998779296875 523.79998779296875 522.5 521.5999755859375 521 520.79998779296875 520.4000244140625 520 519.70001220703125 519.0999755859375 518.5999755859375 518.29998779296875 518 517.70001220703125 517.5 517.4000244140625 517.0999755859375 517 517.5999755859375 517.79998779296875 517.0999755859375 516.29998779296875 515.4000244140625 515.5 515.20001220703125 515.0999755859375 514.70001220703125 514.5
525.5 526 526.5 526.5999755859375 527.29998779296875 527.29998779296875 526.4000244140625 526.79998779296875 526.20001220703125 524.0999755859375 522.4000244140625 522.70001220703125 524.79998779296875 523.9000244140625 522.5 521.70001220703125 521 521 520.5999755859375 520 519.5 519.0999755859375 518.70001220703125 518.20001220703125 517.9000244140625 517.5999755859375 517.5 517.4000244140625 517.0999755859375 517.29998779296875 517.79998779296875 517.5 516.0999755859375 515.9000244140625 515.70001220703125 515.4000244140625 515.29998779296875 515.0999755859375 514.9000244140625 514.70001220703125
525.4000244140625 525.20001220703125 525.79998779296875 526.29998779296875 526.5 526.5999755859375 526.9000244140625 526.79998779296875 526.20001220703125 524.70001220703125 524.29998779296875 521.9000244140625 523.9000244140625 523.79998779296875 522.29998779296875 521.5999755859375 521 520.9000244140625 520.4000244140625 520 519.5999755859375 519.29998779296875 518.9000244140625 518.20001220703125 517.79998779296875 517.5999755859375 517.4000244140625 517.29998779296875 517.5 517.79998779296875 516.79998779296875 516.29998779296875 516.20001220703125 516 515.9000244140625 515.5999755859375 515.29998779296875 515.0999755859375 514.9000244140625 514.79998779296875
