export/dgm_5.asc
ncols        200
nrows        400
xllcorner    4490660
yllcorner    5320200
cellsize     5
NODATA_value  -9999
[rows 320 to 339 of 400, columns 90 to 134 of 200]
549.84002685546875 549.8900146484375 549.8900146484375 549.84002685546875 549.739990234375 549.8699951171875 549.84002685546875 549.65997314453125 549.489990234375 549.5 549.19000244140625 549.17999267578125 548.83001708984375 548.469970703125 548.010009765625 547.78997802734375 547.82000732421875 548.07000732421875 548.3599853515625 548.55999755859375 548.45001220703125 547.739990234375 547.1300048828125 546.72998046875 547.1300048828125 547.33001708984375 547.19000244140625 547.21002197265625 546.96002197265625 546.34002685546875 545.83001708984375 545.5 545.45001220703125 545.469970703125 545.52001953125 545.84002685546875 546.25 546.44000244140625 546.90997314453125 547.280029296875 547.6500244140625 547.95001220703125 548.32000732421875 548.58001708984375 548.67999267578125
549.8599853515625 549.8699951171875 549.9000244140625 549.8599853515625 549.6300048828125 549.780029296875 549.760009765625 549.510009765625 549.54998779296875 549.530029296875 549.29998779296875 549.19000244140625 548.92999267578125 548.4000244140625 547.739990234375 547.25 547.3499755859375 547.67999267578125 548.1400146484375 548.42999267578125 548.3499755859375 547.780029296875 547.27001953125 546.9000244140625 547.27001953125 547.6199951171875 547.41998291015625 547.70001220703125 547.59002685546875 546.94000244140625 546.489990234375 546.17999267578125 546.1500244140625 546.1199951171875 545.94000244140625 545.75 546.05999755859375 546.25 546.59002685546875 547.09002685546875 547.3599853515625 547.8800048828125 548.219970703125 548.469970703125 548.71002197265625
549.989990234375 549.94000244140625 550.09002685546875 549.84002685546875 549.6199951171875 549.59002685546875 549.57000732421875 549.3800048828125 549.29998779296875 549.41998291015625 549.219970703125 549.07000732421875 548.8699951171875 548.3599853515625 547.739990234375 547.1300048828125 547.08001708984375 547.3699951171875 548.02001953125 548.32000732421875 548.27001953125 547.78997802734375 547.469970703125 547.15997314453125 547.41998291015625 547.84002685546875 547.69000244140625 547.8699951171875 547.780029296875 547.510009765625 547.34002685546875 547.07000732421875 546.90997314453125 546.79998779296875 546.6400146484375 546.27001953125 546.010009765625 546.239990234375 546.29998779296875 546.54998779296875 546.989990234375 547.44000244140625 547.95001220703125 548.33001708984375 548.71002197265625
549.96002197265625 549.95001220703125 549.82000732421875 549.8900146484375 549.65997314453125 549.42999267578125 549.55999755859375 549.280029296875 549.02001953125 549.08001708984375 549.07000732421875 548.92999267578125 548.79998779296875 548.41998291015625 547.97998046875 547.22998046875 547.20001220703125 547.530029296875 547.8900146484375 548.25 548.15997314453125 547.8599853515625 547.57000732421875 547.45001220703125 547.6300048828125 547.83001708984375 547.84002685546875 547.95001220703125 547.95001220703125 547.97998046875 547.75 547.72998046875 547.489990234375 547.25 547.29998779296875 546.8499755859375 546.46002197265625 546.32000732421875 546.3499755859375 546.4000244140625 546.6300048828125 547.05999755859375 547.6400146484375 548.21002197265625 548.59002685546875
550.05999755859375 549.97998046875 549.78997802734375 549.780029296875 549.53997802734375 549.3900146484375 549.40997314453125 549.09002685546875 548.97998046875 549.02001953125 548.94000244140625 548.69000244140625 548.8699951171875 548.58001708984375 548.3699951171875 547.69000244140625 547.65997314453125 547.719970703125 547.8599853515625 548.0999755859375 548.04998779296875 547.90997314453125 547.75 547.72998046875 547.71002197265625 548.21002197265625 547.96002197265625 548.1300048828125 548.27001953125 548.1400146484375 548.17999267578125 548.09002685546875 548.15997314453125 548.1199951171875 547.78997802734375 547.530029296875 547.0999755859375 546.67999267578125 546.469970703125 546.4000244140625 546.489990234375 546.719970703125 547.34002685546875 548.20001220703125 548.3499755859375
550.1300048828125 550.1300048828125 549.79998779296875 549.75 549.44000244140625 549.219970703125 549.3800048828125 549.16998291015625 549.05999755859375 548.9000244140625 548.6500244140625 548.54998779296875 548.66998291015625 548.6300048828125 548.45001220703125 548.02001953125 547.96002197265625 547.8699951171875 547.760009765625 547.96002197265625 547.969970703125 547.96002197265625 547.8800048828125 547.8800048828125 547.92999267578125 548.27001953125 548.04998779296875 548.219970703125 548.25 548.27001953125 548.33001708984375 548.44000244140625 548.54998779296875 548.41998291015625 548.260009765625 547.95001220703125 547.67999267578125 547.22998046875 546.75 546.59002685546875 546.54998779296875 546.70001220703125 547.22998046875 547.8499755859375 548.30999755859375
549.92999267578125 549.95001220703125 549.760009765625 549.67999267578125 549.5 549.280029296875 549.3900146484375 549.20001220703125 549.1199951171875 548.79998779296875 548.59002685546875 548.40997314453125 548.33001708984375 548.41998291015625 548.260009765625 548.030029296875 547.95001220703125 547.77001953125 547.6300048828125 547.78997802734375 547.739990234375 547.91998291015625 547.989990234375 548.17999267578125 548.1099853515625 548.3699951171875 548.16998291015625 548.40997314453125 548.3699951171875 548.45001220703125 548.6500244140625 548.70001220703125 548.69000244140625 548.79998779296875 548.510009765625 548.47998046875 548.1099853515625 547.84002685546875 547.3499755859375 546.989990234375 546.989990234375 546.91998291015625 547.3699951171875 548.010009765625 547.8900146484375
550 549.8900146484375 549.66998291015625 549.57000732421875 549.5999755859375 549.32000732421875 549.3499755859375 549.27001953125 548.94000244140625 548.75 548.3800048828125 548.0999755859375 548.02001953125 548.05999755859375 547.969970703125 547.760009765625 547.72998046875 547.5999755859375 547.40997314453125 547.510009765625 547.41998291015625 547.71002197265625 547.92999267578125 548.17999267578125 548.25 548.510009765625 548.3800048828125 548.55999755859375 548.53997802734375 548.739990234375 548.69000244140625 548.8699951171875 548.8699951171875 548.780029296875 548.77001953125 548.53997802734375 548.5 548.1099853515625 547.69000244140625 547.510009765625 547.5 547.40997314453125 547.70001220703125 548.219970703125 548.260009765625
550 549.8599853515625 549.66998291015625 549.6199951171875 549.6400146484375 549.27001953125 549.16998291015625 549.09002685546875 548.6199951171875 548.3800048828125 547.96002197265625 547.760009765625 547.77001953125 547.8499755859375 547.94000244140625 547.719970703125 547.65997314453125 547.3599853515625 547.280029296875 547.16998291015625 546.8800048828125 547.03997802734375 547.6099853515625 548.17999267578125 548.32000732421875 548.65997314453125 548.530029296875 548.719970703125 548.6300048828125 548.780029296875 548.83001708984375 548.91998291015625 548.97998046875 548.989990234375 548.8800048828125 548.8699951171875 548.45001220703125 548.47998046875 548.3699951171875 547.94000244140625 547.8499755859375 547.77001953125 547.97998046875 548.1500244140625 548.3499755859375
549.92999267578125 549.97998046875 549.70001220703125 549.57000732421875 549.44000244140625 549.21002197265625 548.92999267578125 548.90997314453125 548.47998046875 547.96002197265625 547.6400146484375 547.69000244140625 547.94000244140625 548.05999755859375 548.15997314453125 547.9000244140625 547.78997802734375 547.469970703125 547.17999267578125 547.02001953125 546.8599853515625 546.92999267578125 547.510009765625 548.1099853515625 548.3499755859375 548.71002197265625 548.82000732421875 548.510009765625 548.760009765625 548.75 548.83001708984375 548.96002197265625 549.05999755859375 548.8900146484375 549.1300048828125 548.91998291015625 548.719970703125 548.6300048828125 548.46002197265625 548.3599853515625 548.16998291015625 548.0999755859375 548.3800048828125 548.16998291015625 548.44000244140625
549.97998046875 549.84002685546875 549.510009765625 549.3599853515625 549.15997314453125 549.1300048828125 548.77001953125 548.8800048828125 548.54998779296875 548 547.8800048828125 548.02001953125 548.20001220703125 548.3599853515625 548.3900146484375 548.20001220703125 548.0999755859375 547.77001953125 547.47998046875 547.29998779296875 547.02001953125 547.1400146484375 547.79998779296875 548.22998046875 548.45001220703125 548.69000244140625 548.780029296875 548.6400146484375 548.52001953125 548.72998046875 548.6400146484375 548.83001708984375 548.8800048828125 548.8800048828125 548.8499755859375 548.739990234375 548.72998046875 548.65997314453125 548.530029296875 548.3800048828125 548.4000244140625 548.22998046875 548.25 548.44000244140625 548.66998291015625
549.6500244140625 549.3800048828125 549.3599853515625 549.20001220703125 549.04998779296875 549.16998291015625 548.92999267578125 549.04998779296875 548.75 548.280029296875 548.3800048828125 548.67999267578125 548.59002685546875 548.71002197265625 548.6400146484375 548.6199951171875 548.52001953125 548.3699951171875 547.8900146484375 547.79998779296875 547.65997314453125 547.77001953125 548.03997802734375 548.3800048828125 548.52001953125 548.44000244140625 548.77001953125 548.59002685546875 548.29998779296875 548.32000732421875 548.54998779296875 548.6300048828125 548.6099853515625 548.71002197265625 548.760009765625 548.6500244140625 548.489990234375 548.6199951171875 548.52001953125 548.58001708984375 548.47998046875 548.530029296875 548.90997314453125 548.84002685546875 549.15997314453125
549.54998779296875 549.52001953125 549.280029296875 549.27001953125 549.16998291015625 549.32000732421875 549.30999755859375 549.20001220703125 549.22998046875 549.08001708984375 549.05999755859375 549.0999755859375 549.1500244140625 549.15997314453125 549.1400146484375 549.07000732421875 548.90997314453125 548.92999267578125 548.3800048828125 548.42999267578125 548.280029296875 548.280029296875 548.280029296875 548.3499755859375 548.3800048828125 548.260009765625 548.47998046875 548.280029296875 548.1400146484375 548.21002197265625 548.44000244140625 548.510009765625 548.54998779296875 548.510009765625 548.58001708984375 548.5 548.65997314453125 548.67999267578125 548.82000732421875 549.04998779296875 549.1500244140625 549.20001220703125 549.19000244140625 549.47998046875 549.94000244140625
549.41998291015625 549.530029296875 549.46002197265625 549.5999755859375 549.52001953125 549.5 549.6199951171875 549.5999755859375 549.67999267578125 549.72998046875 549.82000732421875 549.8900146484375 549.90997314453125 549.9000244140625 549.8800048828125 549.77001953125 549.6199951171875 549.3800048828125 549.17999267578125 549.17999267578125 548.65997314453125 548.6300048828125 548.25 548.46002197265625 548.219970703125 547.969970703125 548.1099853515625 548.3900146484375 548.41998291015625 548.46002197265625 548.57000732421875 548.530029296875 548.5 548.44000244140625 548.3800048828125 548.66998291015625 548.8599853515625 549.010009765625 549.15997314453125 549.53997802734375 549.83001708984375 550.09002685546875 550.0999755859375 550.3699951171875 550.69000244140625
549.55999755859375 549.79998779296875 549.8499755859375 549.97998046875 549.8800048828125 550 550.030029296875 550.3599853515625 550.1300048828125 550.80999755859375 550.52001953125 550.55999755859375 550.59002685546875 550.6300048828125 550.489990234375 550.44000244140625 550.17999267578125 550.02001953125 549.83001708984375 549.77001953125 549.28997802734375 549.219970703125 548.78997802734375 548.6400146484375 548.3900146484375 548.1099853515625 548.4000244140625 548.59002685546875 548.69000244140625 548.84002685546875 548.78997802734375 548.83001708984375 548.72998046875 548.6300048828125 548.72998046875 549.010009765625 549.34002685546875 549.8499755859375 550.41998291015625 550.79998779296875 550.84002685546875 551.22998046875 551.25 551.34002685546875 551.5
550.030029296875 550.280029296875 550.3699951171875 550.489990234375 550.59002685546875 550.77001953125 550.83001708984375 550.72998046875 551 551.04998779296875 550.90997314453125 550.92999267578125 550.8800048828125 551.08001708984375 550.97998046875 550.67999267578125 550.72998046875 550.40997314453125 550.45001220703125 550.3900146484375 550.09002685546875 549.72998046875 549.52001953125 549.08001708984375 548.77001953125 548.66998291015625 548.47998046875 548.8900146484375 549.1300048828125 549.25 549.3499755859375 549.489990234375 549.46002197265625 549.58001708984375 549.69000244140625 550.02001953125 550.29998779296875 550.70001220703125 551.21002197265625 551.80999755859375 551.72998046875 551.91998291015625 551.80999755859375 552.15997314453125 552.21002197265625
550.8599853515625 551.19000244140625 551.32000732421875 551.34002685546875 551.53997802734375 551.6300048828125 551.6500244140625 551.6199951171875 551.530029296875 551.33001708984375 551.1500244140625 551.1099853515625 550.97998046875 551.20001220703125 551.03997802734375 550.90997314453125 550.83001708984375 550.72998046875 550.9000244140625 550.92999267578125 550.80999755859375 550.6300048828125 550.030029296875 549.739990234375 549.19000244140625 548.96002197265625 549.09002685546875 549.70001220703125 549.69000244140625 549.94000244140625 550.3599853515625 550.46002197265625 550.79998779296875 551.010009765625 551.19000244140625 551.1099853515625 551.54998779296875 551.80999755859375 552.030029296875 552.6099853515625 552.760009765625 553.030029296875 552.6199951171875 552.6300048828125 552.29998779296875
551.6400146484375 551.84002685546875 551.8800048828125 552.25 552.260009765625 552.30999755859375 552.260009765625 552.260009765625 552.07000732421875 551.84002685546875 551.65997314453125 551.45001220703125 551.3699951171875 551.59002685546875 551.41998291015625 551.260009765625 551 551 551.07000732421875 551.33001708984375 551.3900146484375 551.40997314453125 551.05999755859375 550.57000732421875 550.0999755859375 550.010009765625 550.030029296875 550.030029296875 550.55999755859375 550.84002685546875 551.21002197265625 551.6099853515625 551.72998046875 552.21002197265625 552.07000732421875 552.280029296875 552.41998291015625 552.72998046875 552.75 553.05999755859375 552.97998046875 553.03997802734375 553.08001708984375 553.09002685546875 552.739990234375
552.15997314453125 552.33001708984375 552.3499755859375 552.53997802734375 552.66998291015625 552.78997802734375 552.75 552.77001953125 552.52001953125 552.29998779296875 552.07000732421875 552.03997802734375 551.84002685546875 551.8499755859375 552.03997802734375 551.66998291015625 551.44000244140625 551.53997802734375 551.71002197265625 551.6300048828125 551.72998046875 551.969970703125 551.9000244140625 551.55999755859375 551.42999267578125 551.3900146484375 551.4000244140625 552.010009765625 552.32000732421875 551.8900146484375 552.1099853515625 552.30999755859375 552.42999267578125 552.72998046875 552.75 552.82000732421875 552.91998291015625 553.030029296875 553.1199951171875 553.20001220703125 553.33001708984375 553.6300048828125 553.53997802734375 553.489990234375 553.21002197265625
552.52001953125 552.6400146484375 552.5999755859375 552.739990234375 552.90997314453125 553.05999755859375 553.21002197265625 553.20001220703125 552.8599853515625 552.67999267578125 552.489990234375 552.32000732421875 552.21002197265625 552.21002197265625 552.32000732421875 552.1300048828125 552.09002685546875 552.08001708984375 552.09002685546875 551.969970703125 552.1500244140625 552.3800048828125 552.55999755859375 552.6500244140625 552.6099853515625 552.78997802734375 552.58001708984375 552.90997314453125 550.77001953125 552.40997314453125 552.59002685546875 552.69000244140625 552.80999755859375 552.8800048828125 553.02001953125 553 553.04998779296875 553.03997802734375 553.1199951171875 553.41998291015625 553.58001708984375 553.5999755859375 553.79998779296875 553.67999267578125 553.03997802734375
