export/dgm_25.asc
ncols        40
nrows        80
xllcorner    4490650
yllcorner    5320200
cellsize     25
NODATA_value  -9999
[rows 50 to 74 of 80, columns 0 to 39 of 40]
519.5 519.0999755859375 518.9000244140625 518.9000244140625 518.70001220703125 518.29998779296875 518.79998779296875 519.5999755859375 520.79998779296875 522.70001220703125 523.70001220703125 528.70001220703125 532.5999755859375 540.0999755859375 545.20001220703125 545.20001220703125 543.0999755859375 542.79998779296875 543.0999755859375 543.70001220703125 543.29998779296875 544.4000244140625 544.4000244140625 544.29998779296875 544.5999755859375 544.4000244140625 544.5999755859375 544.0999755859375 543.9000244140625 540.20001220703125 537.4000244140625 537.29998779296875 537.0999755859375 530.5999755859375 527 526.20001220703125 525.29998779296875 525.20001220703125 532.4000244140625 530.79998779296875
519.5 519.20001220703125 519 519 518.5999755859375 518.5999755859375 519.5 521.20001220703125 522.4000244140625 524.29998779296875 527.70001220703125 532 534.5 540 545 544.9000244140625 544.5 543.29998779296875 541.79998779296875 541.0999755859375 541 542.5999755859375 542.20001220703125 542.29998779296875 543 543.9000244140625 544.4000244140625 545.20001220703125 545.5999755859375 546 543.5999755859375 533.79998779296875 529.5 528.5 525.20001220703125 525 525.5 525.20001220703125 525.0999755859375 527.70001220703125
519.79998779296875 519.4000244140625 519.20001220703125 519.0999755859375 518.5999755859375 519.70001220703125 520.9000244140625 522 524.4000244140625 526.20001220703125 530.20001220703125 534 536 540.20001220703125 545.5999755859375 544.20001220703125 543.5 544.4000244140625 542.4000244140625 542.29998779296875 541.79998779296875 541.70001220703125 541.70001220703125 541.79998779296875 542 542.5999755859375 545.29998779296875 546.29998779296875 546.20001220703125 547.4000244140625 547.5 544.29998779296875 536.4000244140625 533.20001220703125 529.79998779296875 525.20001220703125 524.5999755859375 524.70001220703125 525.79998779296875 526.5
519.70001220703125 519.29998779296875 519.0999755859375 518.70001220703125 519.4000244140625 520.29998779296875 522.0999755859375 524 525.20001220703125 529.4000244140625 531.29998779296875 535.5999755859375 539.0999755859375 543.5999755859375 545.9000244140625 546 545.79998779296875 545.5 542.4000244140625 541.9000244140625 541.70001220703125 541.5999755859375 541.5999755859375 541.79998779296875 542.5 542.79998779296875 543.5999755859375 546 546.79998779296875 546.79998779296875 546.9000244140625 545.79998779296875 544.5999755859375 539.29998779296875 533.5 529 524.70001220703125 524.5 526 526.4000244140625
519.5999755859375 519.4000244140625 519.29998779296875 519 519.79998779296875 521.0999755859375 523.4000244140625 525.29998779296875 529.9000244140625 532.4000244140625 535 538 540.20001220703125 544.70001220703125 546.29998779296875 546.4000244140625 545.70001220703125 545.5 543.70001220703125 541.79998779296875 541.79998779296875 541.79998779296875 541.79998779296875 541.70001220703125 542.79998779296875 546.5 544.29998779296875 545.20001220703125 546.29998779296875 547.4000244140625 547 546 544.79998779296875 544.20001220703125 540.5 534.5999755859375 530.9000244140625 528.79998779296875 524.79998779296875 526.5
519.70001220703125 519.4000244140625 519 519.4000244140625 520.0999755859375 522 524.70001220703125 527.70001220703125 533 535 537.0999755859375 539.20001220703125 542.79998779296875 545.29998779296875 546.29998779296875 545.4000244140625 545.20001220703125 545.4000244140625 546.0999755859375 547.5999755859375 544.5999755859375 542.5999755859375 545.5 544.70001220703125 546.5 544 543.5 545.20001220703125 545.9000244140625 547.5999755859375 547.9000244140625 547.79998779296875 547.29998779296875 546.79998779296875 546.9000244140625 542.9000244140625 536.5999755859375 533.29998779296875 528 525.70001220703125
519.9000244140625 519.9000244140625 518.9000244140625 519.5999755859375 520.29998779296875 522.9000244140625 526 531.0999755859375 534.5999755859375 536.5 538.9000244140625 539.5999755859375 541.79998779296875 543.79998779296875 545.9000244140625 545.20001220703125 544.9000244140625 546.5 546.9000244140625 547 548.79998779296875 546 546.29998779296875 548.5 548.20001220703125 545.79998779296875 542.5999755859375 545.79998779296875 547.29998779296875 548.20001220703125 548.20001220703125 547.4000244140625 547 547.79998779296875 547.5999755859375 546 542.20001220703125 538.20001220703125 534.0999755859375 530.79998779296875
519.79998779296875 519.79998779296875 518.79998779296875 519.5999755859375 520.5999755859375 524 527 533.29998779296875 536.79998779296875 538.5999755859375 540 543.20001220703125 543.20001220703125 544.20001220703125 546.29998779296875 547.5 548.0999755859375 548.5 548.0999755859375 545.29998779296875 548 548.5 548.0999755859375 548.70001220703125 548.79998779296875 545.29998779296875 542.5999755859375 546.0999755859375 547.9000244140625 548.0999755859375 548.0999755859375 548.20001220703125 547.9000244140625 547.79998779296875 547.5999755859375 547.9000244140625 546.5999755859375 543.70001220703125 540.29998779296875 535.70001220703125
520 519.9000244140625 519.29998779296875 519.79998779296875 521.4000244140625 524.70001220703125 527.79998779296875 532.5 537.4000244140625 538.20001220703125 540.5 544.20001220703125 542.5 546.0999755859375 548.5999755859375 549.0999755859375 548.79998779296875 548.4000244140625 548.29998779296875 545.29998779296875 546.79998779296875 548 548.79998779296875 548.9000244140625 548.0999755859375 548.70001220703125 548.29998779296875 547.70001220703125 548.20001220703125 548.29998779296875 547.9000244140625 548 548.4000244140625 548 548.20001220703125 548.0999755859375 547.29998779296875 546 541.79998779296875 538.5999755859375
520.20001220703125 519.79998779296875 519.5999755859375 519.9000244140625 521.70001220703125 524.79998779296875 527.70001220703125 532.9000244140625 535.70001220703125 537.0999755859375 539.5 542.9000244140625 545.5999755859375 547.5999755859375 548.79998779296875 548.9000244140625 547.79998779296875 548.0999755859375 547.70001220703125 545.79998779296875 545.5999755859375 546.79998779296875 548.20001220703125 548.79998779296875 548.79998779296875 547.70001220703125 548.0999755859375 547.0999755859375 548.4000244140625 548.5 548.0999755859375 548 548.4000244140625 548.9000244140625 548.0999755859375 547.70001220703125 546 542.5999755859375 541.5999755859375 542
520.9000244140625 520 519.5999755859375 520.20001220703125 521.29998779296875 524.5 528.0999755859375 534.70001220703125 538.5999755859375 537.4000244140625 541.9000244140625 539.4000244140625 543.79998779296875 548.5999755859375 549.79998779296875 547.70001220703125 545 548.20001220703125 548.29998779296875 546.4000244140625 546.5999755859375 547.79998779296875 547.70001220703125 548.29998779296875 548 547.9000244140625 547.5999755859375 547.70001220703125 548.5 548.4000244140625 548.29998779296875 548.5 548.70001220703125 548.79998779296875 548.79998779296875 546.79998779296875 544.20001220703125 546.79998779296875 547.20001220703125 546.5999755859375
522.0999755859375 520.29998779296875 519.5999755859375 520.20001220703125 521.70001220703125 524.79998779296875 528.5999755859375 535.5999755859375 540.0999755859375 539.9000244140625 544.20001220703125 543.70001220703125 543.5999755859375 549.70001220703125 549.0999755859375 548.5 548.0999755859375 548.9000244140625 548.79998779296875 547.9000244140625 547.29998779296875 547.70001220703125 548.29998779296875 547.79998779296875 547.0999755859375 546.79998779296875 548.4000244140625 548.70001220703125 548.4000244140625 548.29998779296875 548.20001220703125 548.29998779296875 548.29998779296875 548.20001220703125 549.0999755859375 547.4000244140625 545.9000244140625 548.9000244140625 550.0999755859375 550.70001220703125
522.79998779296875 521 519.9000244140625 520.20001220703125 521.5999755859375 524.70001220703125 528.79998779296875 537.70001220703125 540.0999755859375 539.79998779296875 544.20001220703125 545 543.20001220703125 549.29998779296875 548.5 548.79998779296875 547.5 546.5 548.79998779296875 549.4000244140625 547.79998779296875 547.29998779296875 548.0999755859375 547.0999755859375 546.79998779296875 547.20001220703125 548.20001220703125 548 548.29998779296875 548.29998779296875 548 547.9000244140625 548.0999755859375 548.29998779296875 548.9000244140625 550.70001220703125 548.0999755859375 553.5 554.4000244140625 554.5
522.79998779296875 521 520 519.9000244140625 521.79998779296875 524.0999755859375 527.79998779296875 534 540.0999755859375 541.29998779296875 543 546.5999755859375 546.70001220703125 550 550 548.20001220703125 549.5999755859375 549.79998779296875 549.79998779296875 549.70001220703125 549.4000244140625 548.4000244140625 548.5 547.20001220703125 546.4000244140625 545.5 547.29998779296875 548.5999755859375 548.29998779296875 548.20001220703125 548.29998779296875 547.9000244140625 548.0999755859375 548.9000244140625 551.0999755859375 552.4000244140625 550.5999755859375 554.4000244140625 554.0999755859375 553.20001220703125
522.70001220703125 520.79998779296875 519.9000244140625 519.70001220703125 521.79998779296875 523.79998779296875 526.9000244140625 533.9000244140625 540.0999755859375 541.5999755859375 546.9000244140625 549.9000244140625 550.4000244140625 550.5999755859375 550.4000244140625 550.5 550.5 549.5999755859375 549.79998779296875 549.70001220703125 549.20001220703125 548.4000244140625 547.79998779296875 547.70001220703125 548.0999755859375 548 546.4000244140625 547.9000244140625 548.79998779296875 548.5 548.4000244140625 549.5999755859375 551.5 553.70001220703125 554.4000244140625 551.70001220703125 553.5 554 552.70001220703125 550.20001220703125
522.4000244140625 520.5999755859375 520 519.5999755859375 521.4000244140625 522.9000244140625 526.29998779296875 532 540.0999755859375 541.5 549 550.5 550.79998779296875 551 551 551 550.9000244140625 550.5 550.20001220703125 549.5 548.4000244140625 548 547.20001220703125 548 548.70001220703125 549.0999755859375 548.4000244140625 548.4000244140625 549.0999755859375 550.5999755859375 553 554.29998779296875 554.4000244140625 554.4000244140625 553.70001220703125 552.5999755859375 554.29998779296875 554.29998779296875 552.4000244140625 552.29998779296875
522.29998779296875 520.70001220703125 520.20001220703125 520.0999755859375 520.29998779296875 521.9000244140625 525.70001220703125 529.9000244140625 539 541.5 549.0999755859375 550.79998779296875 551 551.20001220703125 551.29998779296875 551.20001220703125 551 550.0999755859375 549.5999755859375 549.9000244140625 550.29998779296875 550.5 549.79998779296875 548.5999755859375 548.5999755859375 548.70001220703125 550.0999755859375 551.29998779296875 550.70001220703125 553.5 554.29998779296875 554.5 554.5 553.79998779296875 554.0999755859375 553.79998779296875 554.5 555.5 554.5999755859375 555.0999755859375
523.0999755859375 521.29998779296875 520.5999755859375 520.29998779296875 520.29998779296875 521.5999755859375 524.70001220703125 528.5999755859375 535.9000244140625 540.9000244140625 548.5999755859375 550.9000244140625 551.0999755859375 551.29998779296875 551.29998779296875 551 550 551.0999755859375 552 552.79998779296875 552.79998779296875 552.29998779296875 552.0999755859375 552.5 550.79998779296875 552.9000244140625 553.0999755859375 553.4000244140625 553.4000244140625 554.29998779296875 554.5999755859375 554.5 553.9000244140625 553.9000244140625 556.4000244140625 554.9000244140625 557 556.79998779296875 556.9000244140625 554.5
525.5999755859375 522.79998779296875 521.0999755859375 520.70001220703125 519.70001220703125 521 523.70001220703125 526.70001220703125 531.9000244140625 541.20001220703125 548.9000244140625 551 551.20001220703125 551.0999755859375 550.9000244140625 550.29998779296875 552 552.79998779296875 554.70001220703125 555.0999755859375 555.29998779296875 554.9000244140625 554.0999755859375 552.5 551.0999755859375 549.5999755859375 551 553.9000244140625 554 553.70001220703125 554.20001220703125 553.9000244140625 552.79998779296875 555 557.29998779296875 554.79998779296875 557.79998779296875 557.70001220703125 557.20001220703125 555.70001220703125
528.4000244140625 525 522.9000244140625 521.20001220703125 520.9000244140625 521.20001220703125 523.5 526.4000244140625 529.5999755859375 541 549.4000244140625 551 550.79998779296875 550.29998779296875 550.20001220703125 552.0999755859375 552.70001220703125 554.20001220703125 555.20001220703125 555.29998779296875 555.79998779296875 555.79998779296875 554.5 549.20001220703125 549.5999755859375 549.5 549.5 549.5 549.4000244140625 549.4000244140625 549.5 553 554.29998779296875 557.4000244140625 557.0999755859375 555.5 557.70001220703125 557.79998779296875 557.5999755859375 557.29998779296875
531.20001220703125 527.4000244140625 524.5999755859375 522.4000244140625 520.79998779296875 520.5999755859375 522.4000244140625 524.5999755859375 529 537.5999755859375 548.5 550.5999755859375 550.29998779296875 550.4000244140625 552.0999755859375 553.5 554.5999755859375 554.70001220703125 555.0999755859375 555.70001220703125 556.20001220703125 555.79998779296875 555.29998779296875 549.70001220703125 549.5 549.5999755859375 549.4000244140625 549.5 549.4000244140625 549.5 549.5 550.4000244140625 555.4000244140625 557.5 556.5 557.79998779296875 557.5999755859375 558 557.5 557.0999755859375
533.0999755859375 529.79998779296875 526.5999755859375 523.5 521.29998779296875 520.79998779296875 521.5 524.20001220703125 528.0999755859375 532.9000244140625 544 548.70001220703125 551.20001220703125 552.4000244140625 553.9000244140625 555.20001220703125 554.79998779296875 555 555.20001220703125 555.9000244140625 556.20001220703125 555.5999755859375 555.70001220703125 554.5999755859375 550.29998779296875 549.5 549.5 549.4000244140625 549.4000244140625 549.4000244140625 549.5 551.0999755859375 554.5 555 555.79998779296875 557.5999755859375 557.9000244140625 557.5999755859375 557.0999755859375 556.5
536.29998779296875 532.5999755859375 528.4000244140625 525.29998779296875 523 521.29998779296875 521.0999755859375 523.0999755859375 527.20001220703125 531.4000244140625 540 551 552.70001220703125 553.5999755859375 555.29998779296875 555.4000244140625 555.29998779296875 555.20001220703125 555.29998779296875 555.5999755859375 556 555.5 555.9000244140625 555.5 552.70001220703125 550.29998779296875 549.5 549.5 549.4000244140625 549.5 549.5 550.20001220703125 549.29998779296875 550.20001220703125 553.0999755859375 555.29998779296875 557.29998779296875 557.20001220703125 556.4000244140625 556.29998779296875
538.9000244140625 534.20001220703125 529.9000244140625 527 524.29998779296875 522.0999755859375 520.5 522.20001220703125 525.0999755859375 529.79998779296875 538 550.20001220703125 553.0999755859375 554.79998779296875 555.5999755859375 555.79998779296875 555.5 555.29998779296875 555.4000244140625 555.4000244140625 555.70001220703125 555.79998779296875 556.4000244140625 556.4000244140625 554.4000244140625 553.20001220703125 549.9000244140625 549.5 549.4000244140625 549.5 549.4000244140625 553.20001220703125 551.70001220703125 554.29998779296875 556 556.5999755859375 557.5 556.79998779296875 555.5999755859375 555.20001220703125
544.0999755859375 535.0999755859375 532.29998779296875 529.0999755859375 526.4000244140625 523.9000244140625 521.20001220703125 521.79998779296875 524.29998779296875 528.5 532.70001220703125 548.29998779296875 553.5 555.5999755859375 555.9000244140625 555.9000244140625 555.70001220703125 555.4000244140625 555.5 555.4000244140625 555.70001220703125 556.29998779296875 556.79998779296875 556.5999755859375 556 553.9000244140625 552.20001220703125 554.5 553 557.0999755859375 557.5 555.0999755859375 554 553.5999755859375 557 557.4000244140625 557.79998779296875 557 555.5999755859375 554.20001220703125
