export/dgm_25.asc
ncols        40
nrows        80
xllcorner    4490650
yllcorner    5320200
cellsize     25
NODATA_value  -9999
[rows 25 to 49 of 80, columns 0 to 39 of 40]
526.5 525.4000244140625 525.29998779296875 526 526.5999755859375 526.9000244140625 526.5999755859375 526.5 526.5999755859375 525 524 521.79998779296875 521.70001220703125 522.79998779296875 522.0999755859375 521.79998779296875 521 520.70001220703125 520.20001220703125 520 519.5999755859375 519.29998779296875 519.0999755859375 518.29998779296875 518 517.9000244140625 517.79998779296875 517.70001220703125 517.9000244140625 517 516.29998779296875 516.29998779296875 516.20001220703125 516 515.70001220703125 515.5999755859375 515.29998779296875 515 514.79998779296875 514.5999755859375
528.29998779296875 525.9000244140625 525.4000244140625 525.9000244140625 526.70001220703125 527 526.70001220703125 526.29998779296875 526.20001220703125 525.79998779296875 524.5999755859375 523.20001220703125 520.5 521.79998779296875 521.70001220703125 521.4000244140625 521 520.70001220703125 520.0999755859375 520 519.70001220703125 519.29998779296875 519.20001220703125 518.5 518.0999755859375 518.0999755859375 518.0999755859375 517.79998779296875 517.29998779296875 516.5 516.29998779296875 516.29998779296875 516.0999755859375 515.9000244140625 515.5999755859375 515.5 515.29998779296875 514.9000244140625 514.79998779296875 514.79998779296875
531.0999755859375 527.29998779296875 526.0999755859375 526.5999755859375 527 527.20001220703125 526.79998779296875 526 525.9000244140625 525.5999755859375 524.70001220703125 523.70001220703125 523.0999755859375 521.0999755859375 519.5999755859375 520.29998779296875 520.5 520.4000244140625 520 519.79998779296875 519.5999755859375 519.20001220703125 519.0999755859375 518.5999755859375 518 518.0999755859375 517.79998779296875 517.29998779296875 517 516.4000244140625 516.0999755859375 516 515.9000244140625 515.79998779296875 515.5 515.4000244140625 515.29998779296875 515 515.0999755859375 516.20001220703125
531.0999755859375 528.4000244140625 527.29998779296875 527 527.0999755859375 527.0999755859375 526.4000244140625 525.9000244140625 525.5999755859375 524.79998779296875 523.9000244140625 522.9000244140625 522.29998779296875 521.20001220703125 520.5999755859375 520.0999755859375 520.20001220703125 519.9000244140625 519.5999755859375 519.5 519.20001220703125 518.9000244140625 518.70001220703125 518.29998779296875 518.0999755859375 517.79998779296875 517.4000244140625 517.20001220703125 517.0999755859375 516.5 516.0999755859375 515.9000244140625 515.79998779296875 515.5999755859375 515.5 515.5 515.29998779296875 515.4000244140625 517 521.20001220703125
529.5999755859375 527.5999755859375 526.9000244140625 526.70001220703125 526.9000244140625 527 526.5999755859375 526 525.20001220703125 524.4000244140625 523.9000244140625 523.0999755859375 522.5 521.4000244140625 520.5 519.79998779296875 520 519.5999755859375 519.20001220703125 519 518.79998779296875 518.5 518.20001220703125 518.0999755859375 517.79998779296875 517.4000244140625 517.20001220703125 517.0999755859375 516.79998779296875 516.5 516.20001220703125 516 515.79998779296875 515.5999755859375 515.5999755859375 515.4000244140625 515.5 516.70001220703125 521.5999755859375 524.9000244140625
528.5 527.4000244140625 526.79998779296875 526.70001220703125 527 527 526.79998779296875 526.29998779296875 525.4000244140625 524 522.79998779296875 522 521.5999755859375 521.20001220703125 520.5 519.9000244140625 519.79998779296875 519.5999755859375 519.0999755859375 518.9000244140625 518.70001220703125 518.5 518.4000244140625 518.0999755859375 517.70001220703125 517.5 517.29998779296875 517 516.70001220703125 516.5 516.29998779296875 516 515.79998779296875 515.70001220703125 515.70001220703125 515.4000244140625 518.5999755859375 520.5999755859375 523.9000244140625 528.79998779296875
527.4000244140625 526.79998779296875 526.5999755859375 526.79998779296875 527 526.79998779296875 526.4000244140625 525.4000244140625 524.5999755859375 523.4000244140625 522 521.0999755859375 520.79998779296875 520.5 520.0999755859375 519.70001220703125 519.70001220703125 519.5 519.0999755859375 518.79998779296875 518.5999755859375 518.4000244140625 518.29998779296875 517.9000244140625 517.70001220703125 517.5 517.29998779296875 517 516.79998779296875 516.5 516.29998779296875 516 516.0999755859375 515.9000244140625 517 519.0999755859375 520.4000244140625 523.20001220703125 527 531.4000244140625
527.5 527 526.5999755859375 527 526.9000244140625 526.5 526.4000244140625 525.4000244140625 524.29998779296875 522.70001220703125 521.5 521 520.70001220703125 520.4000244140625 520.0999755859375 519.70001220703125 519.5 519.29998779296875 518.79998779296875 518.5 518.4000244140625 518.29998779296875 518 517.70001220703125 517.4000244140625 517.29998779296875 517.20001220703125 516.9000244140625 516.70001220703125 516.4000244140625 516.20001220703125 516.20001220703125 516.4000244140625 518.5999755859375 520.20001220703125 522 523.79998779296875 526.4000244140625 533.20001220703125 538
526.70001220703125 526.70001220703125 526.5999755859375 526.70001220703125 526 525.70001220703125 524.9000244140625 524 522.9000244140625 521.79998779296875 521 520.5999755859375 520.0999755859375 519.70001220703125 519.5 519.20001220703125 519.20001220703125 519.20001220703125 518.70001220703125 518.29998779296875 518.29998779296875 518.0999755859375 517.79998779296875 517.5999755859375 517.4000244140625 517.29998779296875 517 516.70001220703125 516.5 516.29998779296875 516.29998779296875 517.4000244140625 519.70001220703125 521.70001220703125 523.4000244140625 525.70001220703125 528.29998779296875 533.79998779296875 538.70001220703125 538.5
525.79998779296875 526.0999755859375 526.0999755859375 525.4000244140625 524.70001220703125 524.20001220703125 523.5999755859375 523 522 521 520.4000244140625 520.0999755859375 519.70001220703125 519.5 519.29998779296875 519.0999755859375 519.0999755859375 519.20001220703125 518.9000244140625 518.4000244140625 518.20001220703125 517.9000244140625 517.70001220703125 517.5999755859375 517.4000244140625 517.20001220703125 516.79998779296875 516.5999755859375 516.5 517.5999755859375 519.4000244140625 521.29998779296875 523.20001220703125 524.70001220703125 526.5999755859375 528.4000244140625 532.70001220703125 538.5999755859375 537.79998779296875 538.29998779296875
524.5999755859375 525.29998779296875 525 523.9000244140625 523.20001220703125 522.70001220703125 522.29998779296875 521.9000244140625 521.0999755859375 520.29998779296875 519.9000244140625 519.5999755859375 519.4000244140625 519.4000244140625 519.20001220703125 519 518.79998779296875 518.79998779296875 518.9000244140625 518.79998779296875 518 517.70001220703125 517.5999755859375 517.4000244140625 517.20001220703125 517 516.9000244140625 516.79998779296875 518.4000244140625 520.70001220703125 522.70001220703125 524.5 526.5 528.9000244140625 531.5 536 538.4000244140625 537.5999755859375 538.0999755859375 538.70001220703125
522.9000244140625 523.70001220703125 523.29998779296875 522.5 521.9000244140625 521.5999755859375 521.29998779296875 521 520.4000244140625 519.79998779296875 519.5999755859375 519.20001220703125 519.20001220703125 519.20001220703125 519 518.70001220703125 518.4000244140625 518.29998779296875 518.5 518.5 518.0999755859375 517.5999755859375 517.5999755859375 517.4000244140625 517.20001220703125 517.0999755859375 516.9000244140625 518.4000244140625 521.0999755859375 523.9000244140625 526.0999755859375 527.29998779296875 529.70001220703125 535 539.5 538.79998779296875 538.4000244140625 537.4000244140625 538.0999755859375 538.0999755859375
522 522.20001220703125 522.0999755859375 521.20001220703125 520.70001220703125 520.5999755859375 520.4000244140625 520.20001220703125 519.79998779296875 519.5 519.29998779296875 519 519 518.9000244140625 518.5999755859375 518.5999755859375 518.29998779296875 518.29998779296875 518.29998779296875 517.79998779296875 518.5999755859375 517.9000244140625 517.5 517.70001220703125 517.79998779296875 518.70001220703125 519.0999755859375 521.4000244140625 524.20001220703125 526.70001220703125 529 531.70001220703125 538.20001220703125 539.0999755859375 539.20001220703125 538.5999755859375 537.4000244140625 536.70001220703125 537.5999755859375 538.20001220703125
521.5 521.4000244140625 521.4000244140625 520.5 520 519.9000244140625 519.79998779296875 519.70001220703125 519.4000244140625 519.0999755859375 519.0999755859375 518.9000244140625 518.70001220703125 518.5999755859375 518.4000244140625 518.29998779296875 518.20001220703125 518.4000244140625 517.9000244140625 517.79998779296875 517.5 520 519.70001220703125 520.29998779296875 521.0999755859375 523.29998779296875 525.5999755859375 527.20001220703125 527.79998779296875 529.5999755859375 531.70001220703125 535.70001220703125 538.5999755859375 539 539 539.20001220703125 538.79998779296875 537.4000244140625 538 539
521.20001220703125 520.9000244140625 521.20001220703125 520.29998779296875 519.79998779296875 519.70001220703125 519.5 519.20001220703125 519 518.79998779296875 518.70001220703125 518.5999755859375 518.5 518.5 518.20001220703125 518.0999755859375 518.29998779296875 518.0999755859375 517.79998779296875 517.70001220703125 517.70001220703125 519.5 522.20001220703125 524 526.70001220703125 529.29998779296875 529.29998779296875 529.70001220703125 530.29998779296875 531.70001220703125 534.0999755859375 538.5999755859375 539.29998779296875 539.4000244140625 539.70001220703125 540 539.29998779296875 538.20001220703125 539 539.4000244140625
520.70001220703125 520.9000244140625 520.9000244140625 519.5999755859375 519.0999755859375 519.20001220703125 519.20001220703125 518.79998779296875 518.5 518.5 518.4000244140625 518.4000244140625 518.4000244140625 518.29998779296875 518.0999755859375 518.0999755859375 518.20001220703125 517.70001220703125 517.79998779296875 518 519.70001220703125 522 526.20001220703125 527.5999755859375 529.29998779296875 529.79998779296875 530.0999755859375 530.79998779296875 531.5 532.29998779296875 535.5 537.5 539.4000244140625 539.79998779296875 540 540.29998779296875 536.79998779296875 538.9000244140625 538.5 539.20001220703125
521.5999755859375 521.20001220703125 520.4000244140625 519.5 518.79998779296875 518.5999755859375 518.79998779296875 518.79998779296875 518.5 518.4000244140625 518.29998779296875 518.20001220703125 518.20001220703125 518.20001220703125 518.0999755859375 518.70001220703125 518.5999755859375 519.0999755859375 519.5 521 523.70001220703125 529 535.79998779296875 529.5 530.20001220703125 530.5999755859375 531.5 533.5999755859375 538.0999755859375 539.5 539.4000244140625 537.29998779296875 538.29998779296875 540 540.20001220703125 539.5 539.79998779296875 538.20001220703125 537.5 536.5999755859375
521.5999755859375 521.0999755859375 520.4000244140625 519.70001220703125 518.9000244140625 518.5 518.4000244140625 518.4000244140625 518.5999755859375 518.5 518.20001220703125 518.0999755859375 517.9000244140625 517.79998779296875 518.29998779296875 519.29998779296875 520.5999755859375 521.79998779296875 523 524.5 530.70001220703125 534.79998779296875 538.70001220703125 538.4000244140625 531.20001220703125 534.4000244140625 539.79998779296875 540.79998779296875 540.5999755859375 541.4000244140625 541.5 541.0999755859375 543 541.5999755859375 539.20001220703125 537.79998779296875 540.4000244140625 540.0999755859375 535.20001220703125 533.5999755859375
521.9000244140625 521.0999755859375 520.20001220703125 519.70001220703125 519 518.5 518.20001220703125 518 518.29998779296875 518.20001220703125 518 517.9000244140625 518 518.79998779296875 520 520.9000244140625 522.79998779296875 524.70001220703125 526.5 530.5 535.5 539.0999755859375 539.79998779296875 539.79998779296875 538.20001220703125 537.4000244140625 540.5999755859375 540.4000244140625 538.5999755859375 543.0999755859375 535.70001220703125 539.9000244140625 537.79998779296875 538.20001220703125 539.5999755859375 536.29998779296875 538.79998779296875 541.20001220703125 536.79998779296875 536.79998779296875
522.20001220703125 520.29998779296875 519.20001220703125 518.9000244140625 518.5999755859375 518.29998779296875 518.0999755859375 518 518.0999755859375 518 517.9000244140625 518.20001220703125 519.0999755859375 520.29998779296875 521.29998779296875 523.5 525.5 528.79998779296875 532.4000244140625 534.79998779296875 538.5 541.70001220703125 540.9000244140625 540.0999755859375 539.4000244140625 536.4000244140625 538.0999755859375 535.9000244140625 536.5999755859375 536.5 536.79998779296875 538.20001220703125 535.0999755859375 534.5999755859375 538.70001220703125 537.29998779296875 538.20001220703125 538.79998779296875 541.70001220703125 542.20001220703125
522.9000244140625 519.5 519 518.5999755859375 518.4000244140625 518.29998779296875 518.0999755859375 518.0999755859375 518.20001220703125 518.20001220703125 518.0999755859375 519.0999755859375 520.4000244140625 521.29998779296875 523.5 525.5999755859375 528.70001220703125 532.20001220703125 533.9000244140625 536.9000244140625 539.70001220703125 543.79998779296875 542.9000244140625 543.0999755859375 540 537 536.79998779296875 539.9000244140625 538.5999755859375 537.4000244140625 537.5999755859375 537.4000244140625 539.0999755859375 536.79998779296875 536.70001220703125 534.5 532.9000244140625 534.79998779296875 539.5999755859375 543
521.79998779296875 520.20001220703125 519.29998779296875 518.5999755859375 518.4000244140625 518.29998779296875 518.0999755859375 518.0999755859375 518.20001220703125 518.5 518.5999755859375 520.0999755859375 521.5 522.70001220703125 525.70001220703125 528.29998779296875 532 533.5999755859375 536.0999755859375 538.29998779296875 540.9000244140625 543.70001220703125 542.70001220703125 542.70001220703125 542.4000244140625 540.79998779296875 541.0999755859375 537.4000244140625 538.79998779296875 538.4000244140625 538 537.5999755859375 537.5 536.0999755859375 534.0999755859375 535.9000244140625 533.5 537 540.5 540.70001220703125
521.29998779296875 520.79998779296875 519.4000244140625 518.5999755859375 518.4000244140625 518.29998779296875 518.20001220703125 518.29998779296875 518.5 519 519.5999755859375 521.4000244140625 523.20001220703125 524.9000244140625 527.79998779296875 530.5999755859375 533.29998779296875 535.70001220703125 537.29998779296875 538.29998779296875 541.70001220703125 543.79998779296875 543.9000244140625 543.70001220703125 543.5999755859375 542.79998779296875 543 538 538.79998779296875 538.9000244140625 539.5999755859375 539.29998779296875 539.29998779296875 537.5 534.4000244140625 534 533.5999755859375 533.5999755859375 532.20001220703125 530.29998779296875
521.0999755859375 519.79998779296875 519 518.70001220703125 518.5 518.29998779296875 518.29998779296875 518.5999755859375 519.20001220703125 519.5999755859375 520.79998779296875 522.79998779296875 525.29998779296875 527.0999755859375 530 533.5 534.0999755859375 535.5 536.4000244140625 540.20001220703125 543.5999755859375 544.29998779296875 544.4000244140625 544.4000244140625 544.29998779296875 544.0999755859375 543.4000244140625 540.4000244140625 539.20001220703125 539 538.70001220703125 539.4000244140625 541.5999755859375 536.0999755859375 534.5999755859375 534.0999755859375 534.29998779296875 531.5 530.29998779296875 530.20001220703125
519.5999755859375 519.0999755859375 518.9000244140625 518.70001220703125 518.5 518.20001220703125 518.4000244140625 519 519.79998779296875 520.5999755859375 522.29998779296875 525.0999755859375 528.70001220703125 533 536.29998779296875 539.79998779296875 537.5999755859375 539.20001220703125 538.5999755859375 542 544.0999755859375 544.5999755859375 544.70001220703125 544.70001220703125 544.5999755859375 544.4000244140625 544.29998779296875 543.4000244140625 539.4000244140625 538.79998779296875 537.70001220703125 538.0999755859375 538.9000244140625 535.5999755859375 534.9000244140625 533.79998779296875 533 524.29998779296875 530.5999755859375 530.9000244140625
