export/dgm_50.asc
ncols        20
nrows        40
xllcorner    4490650
yllcorner    5320200
cellsize     50
NODATA_value  -9999
 556.20001220703125 554.9000244140625 555.70001220703125 554.5 552.79998779296875 550.20001220703125 550.4000244140625 550.70001220703125 544.9000244140625 550.5 551.5 554.9000244140625 555 554.5 554 552.79998779296875 551 542.9000244140625 541.0999755859375 548.4000244140625
 553 552.4000244140625 552.4000244140625 551.0999755859375 549.9000244140625 547.20001220703125 543.9000244140625 541.4000244140625 539.79998779296875 540.9000244140625 543.5999755859375 549.4000244140625 551.79998779296875 550.20001220703125 549.9000244140625 550.79998779296875 550.4000244140625 548.29998779296875 539.70001220703125 533.4000244140625
 550.29998779296875 549.5 548.79998779296875 548.29998779296875 547.70001220703125 544.20001220703125 542 542.0999755859375 542.0999755859375 537.4000244140625 537 545.29998779296875 547.79998779296875 539.9000244140625 542.9000244140625 544.20001220703125 544.5 543.70001220703125 543.79998779296875 529.9000244140625
 548.9000244140625 547.20001220703125 546.5999755859375 545.9000244140625 546.4000244140625 544.5 545.9000244140625 547.20001220703125 542.5999755859375 533.79998779296875 533 541.70001220703125 541 535.79998779296875 532.79998779296875 531.20001220703125 528.5999755859375 530.5 533 530.5999755859375
 541.5999755859375 542.5999755859375 543.0999755859375 545.70001220703125 545.70001220703125 546 546.70001220703125 544.20001220703125 540 533 530.5999755859375 533.9000244140625 530.5999755859375 522.70001220703125 522.5999755859375 522.0999755859375 523.0999755859375 523 523.70001220703125 524.4000244140625
 532.79998779296875 535.4000244140625 536.79998779296875 537.0999755859375 540.4000244140625 542.79998779296875 543.29998779296875 539.9000244140625 537.0999755859375 531.79998779296875 529 526.9000244140625 524.9000244140625 520.79998779296875 518.70001220703125 519.70001220703125 521.0999755859375 521.29998779296875 521.5 523.0999755859375
 527.5999755859375 529.0999755859375 530.79998779296875 532.0999755859375 534.4000244140625 536.5999755859375 537.5999755859375 536.70001220703125 534.4000244140625 530.79998779296875 526.0999755859375 526 523.0999755859375 520.5999755859375 518.4000244140625 519 520.4000244140625 521 521.4000244140625 521.4000244140625
 526.9000244140625 526.9000244140625 527 528 529 530.29998779296875 531.79998779296875 533.29998779296875 533.0999755859375 530.70001220703125 525.20001220703125 522.4000244140625 522.70001220703125 519.29998779296875 517.79998779296875 518.70001220703125 519.20001220703125 519.79998779296875 519.5 520.29998779296875
 526.79998779296875 527 527.29998779296875 527.5999755859375 528.29998779296875 527.5 528.0999755859375 528.5999755859375 527.9000244140625 526.5999755859375 522.5 522.0999755859375 520.9000244140625 518.20001220703125 517.4000244140625 517.4000244140625 517.9000244140625 519 517.29998779296875 519
 526.5999755859375 527.5999755859375 526.4000244140625 526.9000244140625 526.0999755859375 525 524.70001220703125 522.79998779296875 521.4000244140625 520.0999755859375 519.9000244140625 519.29998779296875 518.79998779296875 517.9000244140625 517.5 517.20001220703125 517 516.5 516.79998779296875 516.0999755859375
 526.70001220703125 526.0999755859375 526.5999755859375 526.70001220703125 525.79998779296875 522.79998779296875 524 522.29998779296875 521 520.20001220703125 519.4000244140625 518.70001220703125 518.20001220703125 517.70001220703125 517.4000244140625 517.4000244140625 517 516.9000244140625 515.9000244140625 514.70001220703125
 525.5 526.5 527.29998779296875 526.4000244140625 526.20001220703125 522.4000244140625 524.79998779296875 522.5 521 520.5999755859375 519.5 518.70001220703125 517.9000244140625 517.5 517.0999755859375 517.79998779296875 516.0999755859375 515.70001220703125 515.29998779296875 514.9000244140625
 526.5 525.29998779296875 526.5999755859375 526.5999755859375 526.5999755859375 524 521.70001220703125 522.0999755859375 521 520.20001220703125 519.5999755859375 519.0999755859375 518 517.79998779296875 517.9000244140625 516.29998779296875 516.20001220703125 515.70001220703125 515.29998779296875 514.79998779296875
 531.0999755859375 526.0999755859375 527 526.79998779296875 525.9000244140625 524.70001220703125 523.0999755859375 519.5999755859375 520.5 520 519.5999755859375 519.0999755859375 518 517.79998779296875 517 516.0999755859375 515.9000244140625 515.5 515.29998779296875 515.0999755859375
 529.5999755859375 526.9000244140625 526.9000244140625 526.5999755859375 525.20001220703125 523.9000244140625 522.5 520.5 520 519.20001220703125 518.79998779296875 518.20001220703125 517.79998779296875 517.20001220703125 516.79998779296875 516.20001220703125 515.79998779296875 515.5999755859375 515.5 521.5999755859375
 527.4000244140625 526.5999755859375 527 526.4000244140625 524.5999755859375 522 520.79998779296875 520.0999755859375 519.70001220703125 519.0999755859375 518.5999755859375 518.29998779296875 517.70001220703125 517.29998779296875 516.79998779296875 516.29998779296875 516.0999755859375 517 520.4000244140625 527
 526.70001220703125 526.5999755859375 526 524.9000244140625 522.9000244140625 521 520.0999755859375 519.5 519.20001220703125 518.70001220703125 518.29998779296875 517.79998779296875 517.4000244140625 517 516.5 516.29998779296875 519.70001220703125 523.4000244140625 528.29998779296875 538.70001220703125
 524.5999755859375 525 523.20001220703125 522.29998779296875 521.0999755859375 519.9000244140625 519.4000244140625 519.20001220703125 518.79998779296875 518.9000244140625 518 517.5999755859375 517.20001220703125 516.9000244140625 518.4000244140625 522.70001220703125 526.5 531.5 538.4000244140625 538.0999755859375
 522 522.0999755859375 520.70001220703125 520.4000244140625 519.79998779296875 519.29998779296875 519 518.5999755859375 518.29998779296875 518.29998779296875 518.5999755859375 517.5 517.79998779296875 519.0999755859375 524.20001220703125 529 538.20001220703125 539.20001220703125 537.4000244140625 537.5999755859375
 521.20001220703125 521.20001220703125 519.79998779296875 519.5 519 518.70001220703125 518.5 518.20001220703125 518.29998779296875 517.79998779296875 517.70001220703125 522.20001220703125 526.70001220703125 529.29998779296875 530.29998779296875 534.0999755859375 539.29998779296875 539.70001220703125 539.29998779296875 539
 521.5999755859375 520.4000244140625 518.79998779296875 518.79998779296875 518.5 518.29998779296875 518.20001220703125 518.0999755859375 518.5999755859375 519.5 523.70001220703125 535.79998779296875 530.20001220703125 531.5 538.0999755859375 539.4000244140625 538.29998779296875 540.20001220703125 539.79998779296875 537.5
 521.9000244140625 520.20001220703125 519 518.20001220703125 518.29998779296875 518 518 520 522.79998779296875 526.5 535.5 539.79998779296875 538.20001220703125 540.5999755859375 538.5999755859375 535.70001220703125 537.79998779296875 539.5999755859375 538.79998779296875 536.79998779296875
 522.9000244140625 519 518.4000244140625 518.0999755859375 518.20001220703125 518.0999755859375 520.4000244140625 523.5 528.70001220703125 533.9000244140625 539.70001220703125 542.9000244140625 540 536.79998779296875 538.5999755859375 537.5999755859375 539.0999755859375 536.70001220703125 532.9000244140625 539.5999755859375
 521.29998779296875 519.4000244140625 518.4000244140625 518.20001220703125 518.5 519.5999755859375 523.20001220703125 527.79998779296875 533.29998779296875 537.29998779296875 541.70001220703125 543.9000244140625 543.5999755859375 543 538.79998779296875 539.5999755859375 539.29998779296875 534.4000244140625 533.5999755859375 532.20001220703125
 519.5999755859375 518.9000244140625 518.5 518.4000244140625 519.79998779296875 522.29998779296875 528.70001220703125 536.29998779296875 537.5999755859375 538.5999755859375 544.0999755859375 544.70001220703125 544.5999755859375 544.29998779296875 539.4000244140625 537.70001220703125 538.9000244140625 534.9000244140625 533 530.5999755859375
 519.5 519 518.5999755859375 519.5 522.4000244140625 527.70001220703125 534.5 545 544.5 541.79998779296875 541 542.20001220703125 543 544.4000244140625 545.5999755859375 543.5999755859375 529.5 525.20001220703125 525.5 525.0999755859375
 519.70001220703125 519.0999755859375 519.4000244140625 522.0999755859375 525.20001220703125 531.29998779296875 539.0999755859375 545.9000244140625 545.79998779296875 542.4000244140625 541.70001220703125 541.5999755859375 542.5 543.5999755859375 546.79998779296875 546.9000244140625 544.5999755859375 533.5 524.70001220703125 526
 519.70001220703125 519 520.0999755859375 524.70001220703125 533 537.0999755859375 542.79998779296875 546.29998779296875 545.20001220703125 546.0999755859375 544.5999755859375 545.5 546.5 543.5 545.9000244140625 547.9000244140625 547.29998779296875 546.9000244140625 536.5999755859375 528
 519.79998779296875 518.79998779296875 520.5999755859375 527 536.79998779296875 540 543.20001220703125 546.29998779296875 548.0999755859375 548.0999755859375 548 548.0999755859375 548.79998779296875 542.5999755859375 547.9000244140625 548.0999755859375 547.9000244140625 547.5999755859375 546.5999755859375 540.29998779296875
 520.20001220703125 519.5999755859375 521.70001220703125 527.70001220703125 535.70001220703125 539.5 545.5999755859375 548.79998779296875 547.79998779296875 547.70001220703125 545.5999755859375 548.20001220703125 548.79998779296875 548.0999755859375 548.4000244140625 548.0999755859375 548.4000244140625 548.0999755859375 546 541.5999755859375
 522.0999755859375 519.5999755859375 521.70001220703125 528.5999755859375 540.0999755859375 544.20001220703125 543.5999755859375 549.0999755859375 548.0999755859375 548.79998779296875 547.29998779296875 548.29998779296875 547.0999755859375 548.4000244140625 548.4000244140625 548.20001220703125 548.29998779296875 549.0999755859375 545.9000244140625 550.0999755859375
 522.79998779296875 520 521.79998779296875 527.79998779296875 540.0999755859375 543 546.70001220703125 550 549.5999755859375 549.79998779296875 549.4000244140625 548.5 546.4000244140625 547.29998779296875 548.29998779296875 548.29998779296875 548.0999755859375 551.0999755859375 550.5999755859375 554.0999755859375
 522.4000244140625 520 521.4000244140625 526.29998779296875 540.0999755859375 549 550.79998779296875 551 550.9000244140625 550.20001220703125 548.4000244140625 547.20001220703125 548.70001220703125 548.4000244140625 549.0999755859375 553 554.4000244140625 553.70001220703125 554.29998779296875 552.4000244140625
 523.0999755859375 520.5999755859375 520.29998779296875 524.70001220703125 535.9000244140625 548.5999755859375 551.0999755859375 551.29998779296875 550 552 552.79998779296875 552.0999755859375 550.79998779296875 553.0999755859375 553.4000244140625 554.5999755859375 553.9000244140625 556.4000244140625 557 556.9000244140625
 528.4000244140625 522.9000244140625 520.9000244140625 523.5 529.5999755859375 549.4000244140625 550.79998779296875 550.20001220703125 552.70001220703125 555.20001220703125 555.79998779296875 554.5 549.5999755859375 549.5 549.4000244140625 549.5 554.29998779296875 557.0999755859375 557.70001220703125 557.5999755859375
 533.0999755859375 526.5999755859375 521.29998779296875 521.5 528.0999755859375 544 551.20001220703125 553.9000244140625 554.79998779296875 555.20001220703125 556.20001220703125 555.70001220703125 550.29998779296875 549.5 549.4000244140625 549.5 554.5 555.79998779296875 557.9000244140625 557.0999755859375
 538.9000244140625 529.9000244140625 524.29998779296875 520.5 525.0999755859375 538 553.0999755859375 555.5999755859375 555.5 555.4000244140625 555.70001220703125 556.4000244140625 554.4000244140625 549.9000244140625 549.4000244140625 549.4000244140625 551.70001220703125 556 557.5 555.5999755859375
 544.5 535.20001220703125 528.5 522.5 522.70001220703125 530.79998779296875 551.79998779296875 556.20001220703125 555.79998779296875 555.5999755859375 555.9000244140625 556.5999755859375 556 557.29998779296875 556.4000244140625 559 555.20001220703125 555.9000244140625 556.9000244140625 555.79998779296875
 548.5 540.5999755859375 530.9000244140625 524.79998779296875 521.5999755859375 528.20001220703125 546.9000244140625 556.5999755859375 555.9000244140625 555.20001220703125 556.79998779296875 557.20001220703125 557.4000244140625 559.70001220703125 559.70001220703125 560.29998779296875 559.29998779296875 552.29998779296875 557.9000244140625 551.0999755859375
 559.29998779296875 543.0999755859375 535.5999755859375 528.9000244140625 523.0999755859375 523.4000244140625 538.0999755859375 555.9000244140625 555.5999755859375 556.0999755859375 558.0999755859375 558.5 560.79998779296875 561 560.4000244140625 560.79998779296875 560.0999755859375 555.9000244140625 553.70001220703125 550.0999755859375
