export/dgm_5.asc
ncols        200
nrows        400
xllcorner    4490660
yllcorner    5320200
cellsize     5
NODATA_value  -9999
[rows 120 to 139 of 400, columns 45 to 89 of 200]
523.59002685546875 523.6300048828125 523.27001953125 522.6199951171875 522.280029296875 522.1400146484375 522.08001708984375 522.15997314453125 521.58001708984375 522.42999267578125 524.6099853515625 524.82000732421875 524.8800048828125 524.84002685546875 524.83001708984375 524.75 524.70001220703125 524.40997314453125 523.79998779296875 523.44000244140625 523.16998291015625 522.95001220703125 522.75 522.53997802734375 522.3699951171875 522.19000244140625 522.02001953125 521.8699951171875 521.67999267578125 521.57000732421875 521.4000244140625 521.25 521.1099853515625 520.989990234375 520.90997314453125 520.8800048828125 520.8900146484375 520.97998046875 521.19000244140625 521.489990234375 520.80999755859375 520.72998046875 520.6300048828125 520.3800048828125 520.3599853515625
523.469970703125 524.05999755859375 523.6400146484375 523.16998291015625 523.1300048828125 522.05999755859375 521.95001220703125 521.90997314453125 522.08001708984375 521.70001220703125 523.22998046875 524.780029296875 524.8800048828125 524.8800048828125 524.80999755859375 524.80999755859375 524.719970703125 524.40997314453125 523.8800048828125 523.44000244140625 523.16998291015625 522.91998291015625 522.75 522.59002685546875 522.3800048828125 522.19000244140625 522.030029296875 521.8599853515625 521.72998046875 521.530029296875 521.3699951171875 521.219970703125 521.1199951171875 520.97998046875 520.9000244140625 520.8800048828125 520.8599853515625 520.95001220703125 521.1500244140625 521.4000244140625 520.80999755859375 520.72998046875 520.6500244140625 520.41998291015625 520.4000244140625
524.3699951171875 524.260009765625 523.8800048828125 523.6400146484375 523.45001220703125 523.260009765625 521.90997314453125 521.82000732421875 521.97998046875 521.19000244140625 522.20001220703125 524.3699951171875 524.84002685546875 524.8699951171875 524.78997802734375 524.77001953125 524.75 524.3599853515625 523.8900146484375 523.41998291015625 523.1199951171875 522.90997314453125 522.6500244140625 522.44000244140625 522.28997802734375 522.1099853515625 521.90997314453125 521.79998779296875 521.6500244140625 521.530029296875 521.3699951171875 521.17999267578125 521.08001708984375 520.969970703125 520.8800048828125 520.8499755859375 520.8499755859375 520.8900146484375 521.08001708984375 521.3599853515625 520.8599853515625 520.760009765625 520.65997314453125 520.45001220703125 520.34002685546875
524.41998291015625 524.3699951171875 524.1400146484375 523.91998291015625 523.6400146484375 523.489990234375 522.65997314453125 521.780029296875 521.71002197265625 522.1500244140625 521.6500244140625 523.3800048828125 524.79998779296875 524.59002685546875 524.59002685546875 524.58001708984375 524.45001220703125 524.22998046875 523.84002685546875 523.41998291015625 523.09002685546875 522.84002685546875 522.5999755859375 522.3900146484375 522.219970703125 522.04998779296875 521.8699951171875 521.719970703125 521.6099853515625 521.47998046875 521.28997802734375 521.19000244140625 521.04998779296875 520.96002197265625 520.8800048828125 520.8499755859375 520.8499755859375 520.8699951171875 521.02001953125 521.239990234375 520.91998291015625 520.71002197265625 520.6099853515625 520.4000244140625 520.1300048828125
524.44000244140625 524.3699951171875 524.239990234375 524.25 523.969970703125 523.55999755859375 522.9000244140625 521.82000732421875 521.65997314453125 521.6500244140625 521.030029296875 522.25 523.55999755859375 523.77001953125 524.1400146484375 524.20001220703125 524.260009765625 524.1300048828125 523.739990234375 523.4000244140625 523.05999755859375 522.80999755859375 522.57000732421875 522.3599853515625 522.16998291015625 521.989990234375 521.8499755859375 521.75 521.6400146484375 521.45001220703125 521.32000732421875 521.16998291015625 521.05999755859375 520.97998046875 520.8800048828125 520.8499755859375 520.83001708984375 520.8699951171875 521.02001953125 520.96002197265625 520.719970703125 520.6400146484375 520.32000732421875 520.1500244140625 520.09002685546875
524.44000244140625 524.4000244140625 524.27001953125 524.489990234375 524.1199951171875 523.58001708984375 523.30999755859375 522.47998046875 521.59002685546875 521.42999267578125 522.02001953125 521.52001953125 523.27001953125 523.4000244140625 523.65997314453125 523.91998291015625 524.03997802734375 523.969970703125 523.6400146484375 523.33001708984375 522.96002197265625 522.6300048828125 522.45001220703125 522.27001953125 522.1099853515625 521.969970703125 521.83001708984375 521.72998046875 521.6500244140625 521.54998779296875 521.32000732421875 521.16998291015625 521.07000732421875 520.969970703125 520.8800048828125 520.84002685546875 520.80999755859375 520.8800048828125 521 521.1500244140625 520.530029296875 520.3900146484375 520.22998046875 520.260009765625 520.16998291015625
524.42999267578125 524.3800048828125 524.17999267578125 524.04998779296875 523.8599853515625 523.6099853515625 523.21002197265625 522.72998046875 521.54998779296875 521.33001708984375 521.530029296875 521.29998779296875 522.79998779296875 523.19000244140625 523.47998046875 523.72998046875 523.8499755859375 523.719970703125 523.4000244140625 523.16998291015625 522.780029296875 522.57000732421875 522.40997314453125 522.25 522.1300048828125 522 521.91998291015625 521.8900146484375 521.80999755859375 521.70001220703125 521.42999267578125 521.219970703125 521.030029296875 520.95001220703125 520.8800048828125 520.8499755859375 520.8800048828125 520.9000244140625 520.97998046875 521.04998779296875 520.53997802734375 520.3499755859375 520.3499755859375 520.22998046875 520.20001220703125
524.33001708984375 524.239990234375 524.08001708984375 523.969970703125 523.94000244140625 523.83001708984375 523.3599853515625 522.3900146484375 521.9000244140625 521.239990234375 521.07000732421875 522 521.66998291015625 522.90997314453125 523.15997314453125 523.44000244140625 523.5999755859375 523.510009765625 523.3800048828125 523.05999755859375 522.84002685546875 522.6199951171875 522.40997314453125 522.25 522.17999267578125 522.03997802734375 521.989990234375 521.95001220703125 522.1199951171875 521.780029296875 521.47998046875 521.25 521.010009765625 520.8599853515625 520.780029296875 520.760009765625 520.780029296875 520.79998779296875 520.8800048828125 520.80999755859375 520.46002197265625 520.3599853515625 520.42999267578125 520.47998046875 520.21002197265625
524.27001953125 524.1300048828125 524 523.989990234375 524.0999755859375 523.989990234375 523.55999755859375 522.4000244140625 521.6400146484375 521.20001220703125 520.989990234375 521.82000732421875 521.25 522.58001708984375 522.80999755859375 523.19000244140625 523.45001220703125 523.4000244140625 523.260009765625 522.5 522.42999267578125 522.3800048828125 522.29998779296875 522.28997802734375 522.34002685546875 521.90997314453125 521.989990234375 522 521.91998291015625 521.66998291015625 521.45001220703125 521.1400146484375 520.94000244140625 520.84002685546875 520.780029296875 520.71002197265625 520.72998046875 520.77001953125 520.82000732421875 520.80999755859375 520.4000244140625 520.4000244140625 520.3699951171875 520.30999755859375 520.219970703125
524.22998046875 524.1300048828125 524.07000732421875 524.05999755859375 524.0999755859375 524 523.52001953125 522.6099853515625 521.6300048828125 521.1300048828125 520.91998291015625 520.719970703125 521.94000244140625 521.59002685546875 522.719970703125 522.969970703125 523.1099853515625 523.07000732421875 522.8900146484375 522.530029296875 522.40997314453125 522.34002685546875 522.21002197265625 522.09002685546875 522.1400146484375 521.760009765625 521.78997802734375 521.8699951171875 521.82000732421875 521.6199951171875 521.42999267578125 521.1500244140625 520.96002197265625 520.8499755859375 520.760009765625 520.719970703125 520.67999267578125 520.71002197265625 520.760009765625 520.780029296875 520.3599853515625 520.3499755859375 520.28997802734375 520.30999755859375 520.27001953125
524.29998779296875 524.17999267578125 524.1500244140625 524.04998779296875 524.030029296875 523.9000244140625 523.71002197265625 522.79998779296875 521.6099853515625 521.27001953125 520.94000244140625 520.739990234375 521.70001220703125 521.469970703125 522.52001953125 522.78997802734375 522.8599853515625 522.739990234375 522.59002685546875 522.5 522.29998779296875 522.1400146484375 522.030029296875 521.989990234375 522.03997802734375 521.65997314453125 521.780029296875 521.80999755859375 521.77001953125 521.6300048828125 521.46002197265625 521.27001953125 521.030029296875 520.91998291015625 520.82000732421875 520.739990234375 520.719970703125 520.69000244140625 520.71002197265625 520.69000244140625 520.3599853515625 520.4000244140625 520.219970703125 520.22998046875 520.19000244140625
524.41998291015625 524.32000732421875 524.09002685546875 523.97998046875 523.969970703125 524.07000732421875 523.84002685546875 523.28997802734375 521.469970703125 521.4000244140625 521.45001220703125 520.83001708984375 520.6500244140625 521.94000244140625 521.75 522.67999267578125 522.80999755859375 521.96002197265625 522.260009765625 522.27001953125 522.1500244140625 522.03997802734375 521.96002197265625 521.8900146484375 522.02001953125 521.96002197265625 521.83001708984375 521.79998779296875 521.6400146484375 521.53997802734375 521.4000244140625 521.27001953125 521.1099853515625 520.989990234375 520.96002197265625 520.90997314453125 520.8699951171875 520.719970703125 520.6300048828125 520.530029296875 520.3499755859375 520.27001953125 520.19000244140625 520.17999267578125 520.16998291015625
524.989990234375 524.75 524.3699951171875 524.34002685546875 524.32000732421875 524.1099853515625 523.9000244140625 523.52001953125 521.510009765625 521.489990234375 521.34002685546875 521.21002197265625 520.6500244140625 520.5 521.8499755859375 521.84002685546875 522.1099853515625 521.96002197265625 522.05999755859375 522.08001708984375 522.19000244140625 521.96002197265625 521.8900146484375 521.92999267578125 522.010009765625 522.030029296875 521.8800048828125 521.75 521.6300048828125 521.489990234375 521.3699951171875 521.260009765625 521.09002685546875 521 520.95001220703125 520.9000244140625 520.79998779296875 520.66998291015625 520.55999755859375 520.44000244140625 520.34002685546875 520.16998291015625 520.21002197265625 520.1400146484375 520.17999267578125
525.41998291015625 525.21002197265625 524.8900146484375 524.42999267578125 524.33001708984375 524.22998046875 524.219970703125 523.70001220703125 521.42999267578125 521.46002197265625 521.47998046875 520.6199951171875 520.739990234375 520.55999755859375 520.52001953125 521.719970703125 521.8900146484375 521.8900146484375 521.90997314453125 521.91998291015625 521.9000244140625 521.8900146484375 521.760009765625 521.72998046875 521.84002685546875 522 521.83001708984375 521.6300048828125 521.5 521.46002197265625 521.34002685546875 521.33001708984375 521.21002197265625 521.1400146484375 521.1199951171875 520.969970703125 520.97998046875 520.95001220703125 520.83001708984375 520.6099853515625 520.33001708984375 520.19000244140625 520.20001220703125 520.1500244140625 520.030029296875
525.41998291015625 525.21002197265625 524.8699951171875 524.30999755859375 524.27001953125 524.25 524.239990234375 523.84002685546875 521.8900146484375 521.59002685546875 521.57000732421875 521.1099853515625 520.75 520.6400146484375 520.55999755859375 520.44000244140625 521.8699951171875 521.75 521.92999267578125 521.8499755859375 521.79998779296875 521.84002685546875 521.72998046875 521.6500244140625 521.97998046875 521.80999755859375 521.80999755859375 521.45001220703125 521.44000244140625 521.3699951171875 521.1400146484375 520.9000244140625 521.030029296875 521 521.04998779296875 520.8800048828125 520.989990234375 521.04998779296875 520.969970703125 520.71002197265625 520.21002197265625 520.219970703125 520.04998779296875 520.16998291015625 519.969970703125
525.41998291015625 525.1500244140625 524.84002685546875 524.5 524.3800048828125 524.280029296875 524.15997314453125 523.9000244140625 523.5999755859375 523.21002197265625 521.95001220703125 521.02001953125 520.760009765625 520.739990234375 520.6199951171875 520.469970703125 520.3499755859375 521.42999267578125 521.69000244140625 521.54998779296875 521.760009765625 521.91998291015625 521.6300048828125 521.45001220703125 521.5 521.32000732421875 521.55999755859375 521.030029296875 520.8499755859375 521.25 520.65997314453125 520.66998291015625 520.71002197265625 520.79998779296875 520.94000244140625 521.03997802734375 521.21002197265625 521.219970703125 521.09002685546875 520.6300048828125 520.40997314453125 520.20001220703125 520.15997314453125 519.97998046875 520.0999755859375
525.55999755859375 525.09002685546875 524.8699951171875 524.58001708984375 524.3699951171875 524.239990234375 524.02001953125 523.79998779296875 523.70001220703125 523.42999267578125 523.15997314453125 520.9000244140625 520.96002197265625 520.75 520.59002685546875 520.55999755859375 520.42999267578125 520.32000732421875 521.5 521.66998291015625 521.77001953125 521.6400146484375 519.510009765625 520.6500244140625 520.53997802734375 521.010009765625 520.83001708984375 520.84002685546875 520.94000244140625 521.1099853515625 520.70001220703125 520.59002685546875 520.6099853515625 520.70001220703125 520.92999267578125 521.1400146484375 521.1099853515625 521.07000732421875 521.1400146484375 520.8699951171875 520.20001220703125 520.15997314453125 520.1500244140625 520.0999755859375 519.969970703125
525.59002685546875 525.16998291015625 524.90997314453125 524.6300048828125 524.3800048828125 524.239990234375 524.15997314453125 523.8599853515625 523.71002197265625 523.530029296875 523.44000244140625 523.02001953125 521.04998779296875 521 520.54998779296875 520.5 520.719970703125 520.40997314453125 520.3499755859375 521.3800048828125 521.30999755859375 521.3800048828125 521.030029296875 519.95001220703125 520.1400146484375 520.40997314453125 520.3599853515625 520.6199951171875 520.8599853515625 520.91998291015625 520.92999267578125 520.5999755859375 520.45001220703125 520.45001220703125 520.719970703125 520.90997314453125 520.91998291015625 520.71002197265625 520.719970703125 520.34002685546875 520.34002685546875 520.34002685546875 520.33001708984375 520.16998291015625 520.05999755859375
525.3800048828125 525.22998046875 525.1099853515625 524.66998291015625 524.29998779296875 524.19000244140625 524.22998046875 524.02001953125 523.8699951171875 523.3900146484375 523.30999755859375 523.25 523.03997802734375 522.219970703125 521.4000244140625 520.969970703125 521.8800048828125 520.84002685546875 520.3800048828125 520.3499755859375 520.53997802734375 520.42999267578125 519.8599853515625 519.30999755859375 519.6500244140625 520.1400146484375 520.19000244140625 520.42999267578125 520.65997314453125 522.280029296875 521.4000244140625 520.66998291015625 520.44000244140625 520.42999267578125 520.59002685546875 520.65997314453125 520.6199951171875 520.47998046875 520.44000244140625 520.34002685546875 520.59002685546875 520.54998779296875 520.21002197265625 520.22998046875 519.90997314453125
525.280029296875 525.28997802734375 525.15997314453125 524.6300048828125 524.22998046875 524.29998779296875 524.27001953125 524.1199951171875 524 523.33001708984375 523.29998779296875 523.32000732421875 523.3800048828125 523.719970703125 522.260009765625 521.719970703125 521.95001220703125 521.97998046875 521.07000732421875 520.4000244140625 520.32000732421875 520.260009765625 520.03997802734375 519.260009765625 518.780029296875 519.69000244140625 519.97998046875 520.29998779296875 520.72998046875 520.6400146484375 520.510009765625 520.53997802734375 520.42999267578125 520.57000732421875 520.489990234375 520.52001953125 520.6300048828125 520.25 520.5999755859375 520.33001708984375 520.3800048828125 520.53997802734375 520.17999267578125 520.04998779296875 519.78997802734375
