export/dgm_5.asc
ncols        200
nrows        400
xllcorner    4490660
yllcorner    5320200
cellsize     5
NODATA_value  -9999
[rows 380 to 399 of 400, columns 135 to 179 of 200]
555.55999755859375 556.3900146484375 557.16998291015625 557.6500244140625 558.47998046875 558.92999267578125 559.1500244140625 559.1199951171875 559.19000244140625 559.20001220703125 559.34002685546875 559.3900146484375 559.27001953125 559.29998779296875 559.04998779296875 558.80999755859375 558.719970703125 558.46002197265625 558.1300048828125 557.5999755859375 557.07000732421875 556.58001708984375 555.8900146484375 555.15997314453125 554.66998291015625 554.46002197265625 554.45001220703125 554.6199951171875 554.90997314453125 555.04998779296875 555.15997314453125 555.25 555.40997314453125 555.32000732421875 555.15997314453125 555.05999755859375 555.1500244140625 555.05999755859375 555.0999755859375 555.5999755859375 555.79998779296875 556.239990234375 556.6500244140625 556.97998046875 557.260009765625
556.3800048828125 557.3499755859375 558.42999267578125 558.79998779296875 559.17999267578125 559.1199951171875 559.1099853515625 559.22998046875 559.1099853515625 559.3699951171875 559.5 559.46002197265625 559.489990234375 559.25 559.29998779296875 559 558.8499755859375 558.530029296875 558.27001953125 557.8800048828125 557.4000244140625 556.760009765625 555.92999267578125 555.42999267578125 554.780029296875 554.40997314453125 554.46002197265625 554.6300048828125 554.95001220703125 555.030029296875 555.010009765625 555.02001953125 554.83001708984375 554.58001708984375 554.3499755859375 554.219970703125 554.219970703125 554.1099853515625 554.46002197265625 554.989990234375 555.59002685546875 556.17999267578125 556.719970703125 557 557.5
557.3900146484375 558.21002197265625 558.90997314453125 559.16998291015625 558.90997314453125 558.72998046875 558.6400146484375 558.80999755859375 559.03997802734375 559.34002685546875 559.47998046875 559.489990234375 559.41998291015625 559.3599853515625 559.30999755859375 559.08001708984375 559.09002685546875 558.760009765625 558.469970703125 558.21002197265625 557.54998779296875 557.21002197265625 556.489990234375 555.96002197265625 555.4000244140625 555.1300048828125 555.02001953125 554.969970703125 555.17999267578125 554.8699951171875 554.72998046875 554.53997802734375 554.16998291015625 553.8800048828125 553.489990234375 553.4000244140625 553.30999755859375 553.44000244140625 554.030029296875 554.78997802734375 555.71002197265625 556.30999755859375 556.80999755859375 557.32000732421875 557.6199951171875
558.5 558.92999267578125 559.32000732421875 559.20001220703125 558.6199951171875 557.8699951171875 557.83001708984375 558.15997314453125 558.78997802734375 559.17999267578125 559.5 559.6300048828125 559.719970703125 559.3499755859375 559.25 559.09002685546875 558.989990234375 558.8900146484375 558.52001953125 558.030029296875 557.8499755859375 557.530029296875 557.04998779296875 556.6500244140625 556.29998779296875 555.92999267578125 555.84002685546875 555.6500244140625 555.33001708984375 554.79998779296875 554.55999755859375 554.1400146484375 553.65997314453125 553.16998291015625 552.739990234375 552.6300048828125 552.84002685546875 552.9000244140625 553.91998291015625 554.760009765625 555.780029296875 556.54998779296875 556.94000244140625 557.45001220703125 557.71002197265625
558.8599853515625 559.58001708984375 559.530029296875 559.3800048828125 558.6199951171875 557.92999267578125 557.42999267578125 557.8599853515625 558.71002197265625 559.22998046875 559.59002685546875 560.02001953125 559.58001708984375 560.239990234375 559.5 559.1500244140625 558.94000244140625 558.8699951171875 558.510009765625 558.6300048828125 558.219970703125 557.989990234375 557.79998779296875 557.469970703125 557.21002197265625 556.8699951171875 556.67999267578125 556.30999755859375 555.6199951171875 554.760009765625 554.30999755859375 553.6500244140625 553.04998779296875 552.52001953125 552.0999755859375 552.1400146484375 552.530029296875 553.07000732421875 554.030029296875 555.280029296875 556.219970703125 556.8900146484375 557.1500244140625 557.55999755859375 557.739990234375
559.530029296875 559.59002685546875 559.67999267578125 559.46002197265625 559.02001953125 558.30999755859375 557.90997314453125 558.28997802734375 559 559.83001708984375 560.02001953125 560.3699951171875 559.53997802734375 559.8699951171875 559.510009765625 559.46002197265625 559.32000732421875 559.1300048828125 558.8900146484375 558.66998291015625 558.45001220703125 558.34002685546875 558.20001220703125 558.28997802734375 558.1300048828125 557.75 557.3499755859375 556.77001953125 555.90997314453125 554.91998291015625 554.260009765625 553.3900146484375 552.70001220703125 552.05999755859375 551.739990234375 551.91998291015625 552.53997802734375 553.3800048828125 554.45001220703125 555.6199951171875 556.510009765625 556.8599853515625 557.280029296875 557.53997802734375 557.70001220703125
559.77001953125 559.760009765625 559.69000244140625 559.58001708984375 559.34002685546875 558.65997314453125 558.530029296875 558.91998291015625 559.6400146484375 560.03997802734375 560.510009765625 560.780029296875 560.239990234375 559.82000732421875 559.46002197265625 559.41998291015625 559.58001708984375 559.29998779296875 559.34002685546875 559 558.8499755859375 558.67999267578125 558.66998291015625 558.5999755859375 558.46002197265625 558.19000244140625 557.969970703125 557 556.09002685546875 555.17999267578125 554.280029296875 553.20001220703125 552.280029296875 551.530029296875 551.40997314453125 551.83001708984375 552.80999755859375 553.79998779296875 555.17999267578125 556.3599853515625 556.79998779296875 557.030029296875 557.3900146484375 557.6300048828125 557.91998291015625
559.8900146484375 559.94000244140625 559.8699951171875 559.5999755859375 559.3800048828125 558.91998291015625 558.969970703125 559.6500244140625 560.03997802734375 560.32000732421875 560.3699951171875 560.3499755859375 559.969970703125 559.91998291015625 560.1400146484375 559.72998046875 559.79998779296875 559.53997802734375 559.67999267578125 559.42999267578125 559.19000244140625 559.04998779296875 558.92999267578125 558.969970703125 558.80999755859375 558.47998046875 558.1099853515625 557.44000244140625 556.6099853515625 555.280029296875 554.1099853515625 553.08001708984375 552.1099853515625 551.53997802734375 551.30999755859375 551.989990234375 553 554.46002197265625 555.77001953125 556.469970703125 556.80999755859375 557.30999755859375 557.5 557.65997314453125 557.96002197265625
560.0999755859375 559.8800048828125 559.8699951171875 559.79998779296875 559.45001220703125 559.1300048828125 559.260009765625 560.02001953125 560.3900146484375 560.280029296875 560.25 560.28997802734375 560.40997314453125 560.3900146484375 560.1400146484375 559.8699951171875 559.75 559.80999755859375 559.65997314453125 559.69000244140625 559.42999267578125 559.34002685546875 559.30999755859375 559.21002197265625 559.07000732421875 558.79998779296875 558.28997802734375 557.780029296875 556.97998046875 555.5999755859375 554.05999755859375 553.07000732421875 552.280029296875 551.8699951171875 551.57000732421875 551.96002197265625 553.20001220703125 554.80999755859375 555.8800048828125 556.44000244140625 556.8800048828125 557.3499755859375 557.47998046875 557.83001708984375 558.03997802734375
560.280029296875 559.95001220703125 559.91998291015625 559.71002197265625 559.40997314453125 559.27001953125 559.6400146484375 560.05999755859375 560.489990234375 560.489990234375 560.55999755859375 560.41998291015625 560.3699951171875 560.29998779296875 559.80999755859375 560.08001708984375 559.969970703125 559.8699951171875 559.84002685546875 559.6300048828125 559.57000732421875 559.53997802734375 559.3900146484375 559.3699951171875 559.239990234375 558.8499755859375 558.46002197265625 558.03997802734375 557.010009765625 555.79998779296875 554.40997314453125 553.489990234375 552.8900146484375 552.260009765625 551.94000244140625 552.34002685546875 553.5 554.9000244140625 556.04998779296875 556.53997802734375 557.07000732421875 557.5 557.6199951171875 557.92999267578125 558.1300048828125
560.17999267578125 559.91998291015625 559.83001708984375 559.94000244140625 559.6400146484375 559.52001953125 559.739990234375 560.32000732421875 560.69000244140625 560.5999755859375 560.91998291015625 560.760009765625 561.02001953125 560.94000244140625 560.20001220703125 560.22998046875 560.030029296875 560.19000244140625 560.6199951171875 560.219970703125 559.77001953125 559.47998046875 559.489990234375 559.33001708984375 559.20001220703125 558.97998046875 558.3800048828125 557.739990234375 556.78997802734375 555.719970703125 554.52001953125 553.84002685546875 553.3499755859375 552.97998046875 552.66998291015625 552.6400146484375 553.6300048828125 554.90997314453125 556.010009765625 556.41998291015625 557.1400146484375 557.3900146484375 557.8699951171875 557.969970703125 558.15997314453125
560.22998046875 559.95001220703125 559.84002685546875 559.95001220703125 559.739990234375 559.94000244140625 560.219970703125 560.3699951171875 560.6300048828125 560.57000732421875 560.6300048828125 561.1500244140625 560.97998046875 560.94000244140625 560.58001708984375 560.260009765625 560.1099853515625 560.41998291015625 561.260009765625 561.3900146484375 560.16998291015625 559.42999267578125 559.260009765625 559.16998291015625 559.0999755859375 558.82000732421875 558.29998779296875 557.53997802734375 556.70001220703125 555.8499755859375 554.91998291015625 554.15997314453125 553.82000732421875 553.6500244140625 552.96002197265625 553.07000732421875 553.58001708984375 554.6199951171875 555.6500244140625 556.3499755859375 556.91998291015625 557.1199951171875 557.9000244140625 557.95001220703125 558.15997314453125
560.15997314453125 559.9000244140625 559.6300048828125 559.79998779296875 559.8800048828125 560 560.15997314453125 560.41998291015625 560.8499755859375 560.77001953125 561.55999755859375 560.75 560.3699951171875 560.30999755859375 560.59002685546875 560.219970703125 560.4000244140625 560.3900146484375 561.05999755859375 560.91998291015625 559.90997314453125 559.3900146484375 559.20001220703125 559.17999267578125 558.96002197265625 558.489990234375 557.94000244140625 557.45001220703125 556.84002685546875 556.030029296875 555.280029296875 554.82000732421875 554.25 554.02001953125 553.3900146484375 553.280029296875 553.54998779296875 554.3900146484375 555.1400146484375 556.08001708984375 556.510009765625 556.90997314453125 557.6500244140625 557.8900146484375 557.8499755859375
560.1500244140625 559.8599853515625 559.55999755859375 559.84002685546875 559.80999755859375 559.79998779296875 560.21002197265625 560.55999755859375 560.80999755859375 560.91998291015625 560.8900146484375 560.989990234375 560.59002685546875 560.47998046875 560.5999755859375 560.45001220703125 560.42999267578125 560.16998291015625 560.16998291015625 560.02001953125 559.71002197265625 559.469970703125 558.92999267578125 558.8599853515625 558.71002197265625 558.239990234375 557.71002197265625 557.4000244140625 556.95001220703125 556.30999755859375 555.90997314453125 555.27001953125 554.739990234375 554.489990234375 553.8699951171875 553.59002685546875 553.57000732421875 553.96002197265625 554.72998046875 555.44000244140625 556.07000732421875 556.83001708984375 557.17999267578125 557.54998779296875 557.3699951171875
560.25 559.95001220703125 559.94000244140625 559.739990234375 559.77001953125 559.54998779296875 559.91998291015625 560.5 560.70001220703125 561.07000732421875 560.96002197265625 560.92999267578125 560.66998291015625 560.489990234375 560.469970703125 560.489990234375 560.239990234375 560.02001953125 559.94000244140625 559.760009765625 559.6300048828125 559.33001708984375 559.010009765625 558.969970703125 558.70001220703125 558.1400146484375 557.6199951171875 557.45001220703125 557.28997802734375 556.9000244140625 556.80999755859375 555.97998046875 555.3800048828125 554.9000244140625 554.34002685546875 554.03997802734375 553.80999755859375 553.67999267578125 554.42999267578125 554.80999755859375 555.5999755859375 556.80999755859375 556.78997802734375 556.9000244140625 556.6300048828125
560.53997802734375 560.1500244140625 560.280029296875 560.02001953125 559.58001708984375 559.45001220703125 559.78997802734375 560.17999267578125 560.33001708984375 560.9000244140625 560.989990234375 561.1300048828125 560.77001953125 560.55999755859375 560.54998779296875 560.530029296875 560.30999755859375 560.05999755859375 559.8599853515625 559.92999267578125 559.8599853515625 559.67999267578125 559.4000244140625 559.3499755859375 558.83001708984375 558.28997802734375 557.84002685546875 557.69000244140625 557.6500244140625 557.27001953125 556.989990234375 556.6400146484375 555.8699951171875 555.030029296875 554.6300048828125 554.32000732421875 553.719970703125 553.84002685546875 554.03997802734375 554.44000244140625 555.42999267578125 556.79998779296875 556.72998046875 556.25 555.80999755859375
560.47998046875 560.5 560.510009765625 560.1300048828125 560.08001708984375 559.55999755859375 559.65997314453125 560.02001953125 560.1400146484375 560.67999267578125 561.09002685546875 560.969970703125 560.66998291015625 560.6400146484375 560.6400146484375 560.5999755859375 560.33001708984375 560.219970703125 560.1400146484375 560.07000732421875 560.30999755859375 560.05999755859375 559.83001708984375 559.5999755859375 559.1500244140625 558.6199951171875 558.239990234375 558.30999755859375 558.010009765625 557.79998779296875 557.45001220703125 556.97998046875 556.260009765625 555.29998779296875 554.8499755859375 554.58001708984375 554.05999755859375 554.02001953125 554.0999755859375 554.3599853515625 555.20001220703125 556.84002685546875 556.40997314453125 555.510009765625 554.9000244140625
560.52001953125 560.71002197265625 560.6400146484375 560.25 559.95001220703125 559.58001708984375 559.5999755859375 559.57000732421875 559.8499755859375 560.46002197265625 560.67999267578125 560.8900146484375 560.91998291015625 560.84002685546875 560.57000732421875 560.6199951171875 560.41998291015625 560.3499755859375 560.33001708984375 560.1099853515625 560.03997802734375 559.8699951171875 560.15997314453125 559.94000244140625 559.8599853515625 559.28997802734375 559 558.70001220703125 558.34002685546875 558.239990234375 557.72998046875 557.25 556.3699951171875 555.469970703125 555.1500244140625 554.66998291015625 554.5 554.239990234375 554.29998779296875 554.53997802734375 555.3599853515625 556.80999755859375 555.8699951171875 555.05999755859375 554.17999267578125
560.65997314453125 560.780029296875 560.5 560.20001220703125 559.92999267578125 559.489990234375 559.489990234375 559.52001953125 559.69000244140625 560.17999267578125 560.5999755859375 560.780029296875 560.8699951171875 560.79998779296875 560.6500244140625 560.6300048828125 560.83001708984375 560.6099853515625 560.30999755859375 559.91998291015625 559.70001220703125 559.77001953125 559.97998046875 560.3599853515625 560.05999755859375 559.66998291015625 559.40997314453125 558.8599853515625 558.47998046875 558.42999267578125 557.8499755859375 557.16998291015625 556.4000244140625 555.58001708984375 555.33001708984375 555 554.90997314453125 554.46002197265625 554.53997802734375 555.010009765625 555.780029296875 556.65997314453125 555.25 554.219970703125 553.780029296875
560.91998291015625 561.030029296875 560.6099853515625 560.3599853515625 560.16998291015625 559.83001708984375 559.6500244140625 559.6300048828125 559.530029296875 560.1099853515625 560.469970703125 560.75 560.6099853515625 560.6099853515625 560.71002197265625 560.760009765625 560.66998291015625 560.52001953125 560.16998291015625 559.59002685546875 559.25 559.489990234375 559.8699951171875 560.1400146484375 560.34002685546875 559.8800048828125 559.67999267578125 559.04998779296875 558.780029296875 558.53997802734375 557.8599853515625 557.42999267578125 556.3599853515625 555.8499755859375 555.42999267578125 555.42999267578125 555.33001708984375 554.9000244140625 554.9000244140625 555.3499755859375 556.32000732421875 556.79998779296875 554.55999755859375 553.6500244140625 553.07000732421875
