export/dgm_5.asc
ncols        200
nrows        400
xllcorner    4490660
yllcorner    5320200
cellsize     5
NODATA_value  -9999
[rows 80 to 99 of 400, columns 90 to 134 of 200]
529.780029296875 529.34002685546875 528.8800048828125 528.3699951171875 527.8800048828125 527.3599853515625 526.95001220703125 525.8900146484375 524.97998046875 524.34002685546875 523.71002197265625 523.08001708984375 522.739990234375 521.69000244140625 522.3599853515625 522.34002685546875 522.28997802734375 522.34002685546875 522.3800048828125 522.3800048828125 522.4000244140625 522.3599853515625 522.34002685546875 522.46002197265625 522.510009765625 522.58001708984375 522.8599853515625 523.1500244140625 522.97998046875 522.219970703125 520.96002197265625 520.280029296875 520.09002685546875 519.95001220703125 519.78997802734375 519.65997314453125 519.530029296875 519.34002685546875 519.15997314453125 518.96002197265625 518.75 518.57000732421875 518.3499755859375 518.1400146484375 517.989990234375
529.6300048828125 529.16998291015625 528.70001220703125 528.15997314453125 527.6400146484375 527.1099853515625 526.65997314453125 525.8599853515625 524.70001220703125 524.0999755859375 523.469970703125 522.9000244140625 522.47998046875 521.260009765625 522.4000244140625 522.260009765625 522.28997802734375 522.3800048828125 522.40997314453125 522.41998291015625 522.40997314453125 522.34002685546875 522.30999755859375 522.42999267578125 522.489990234375 522.69000244140625 523.1099853515625 524.030029296875 523.489990234375 522.1199951171875 520.70001220703125 520.0999755859375 519.90997314453125 519.77001953125 519.65997314453125 519.510009765625 519.3699951171875 519.20001220703125 519.02001953125 518.8499755859375 518.65997314453125 518.46002197265625 518.260009765625 518.05999755859375 517.90997314453125
529.42999267578125 528.969970703125 528.44000244140625 527.91998291015625 527.33001708984375 526.79998779296875 526.32000732421875 525.66998291015625 524.42999267578125 523.84002685546875 523.25 522.66998291015625 522.19000244140625 521.32000732421875 522.09002685546875 522.1400146484375 522.33001708984375 522.46002197265625 522.45001220703125 522.40997314453125 522.3900146484375 522.33001708984375 522.29998779296875 522.4000244140625 522.47998046875 522.83001708984375 523.07000732421875 524.719970703125 524 522.0999755859375 520.47998046875 519.92999267578125 519.72998046875 519.6099853515625 519.469970703125 519.34002685546875 519.22998046875 519.05999755859375 518.9000244140625 518.739990234375 518.55999755859375 518.3499755859375 518.17999267578125 517.97998046875 517.8599853515625
529.1099853515625 528.6400146484375 528.1500244140625 527.6199951171875 526.989990234375 526.44000244140625 525.95001220703125 525.5 524.1400146484375 523.5999755859375 522.989990234375 522.45001220703125 522.02001953125 521.489990234375 521.94000244140625 522.05999755859375 522.4000244140625 522.4000244140625 522.41998291015625 522.4000244140625 522.3900146484375 522.33001708984375 522.260009765625 522.3800048828125 522.47998046875 522.65997314453125 522.72998046875 523.5 522.91998291015625 522.05999755859375 520.29998779296875 519.760009765625 519.57000732421875 519.42999267578125 519.32000732421875 519.21002197265625 519.08001708984375 518.92999267578125 518.78997802734375 518.6300048828125 518.45001220703125 518.27001953125 518.09002685546875 517.91998291015625 517.82000732421875
528.739990234375 528.29998779296875 527.760009765625 527.21002197265625 526.6199951171875 526.04998779296875 525.59002685546875 525.21002197265625 523.83001708984375 523.30999755859375 522.739990234375 522.219970703125 521.8599853515625 521.280029296875 521.80999755859375 521.8800048828125 522.5 522.59002685546875 522.42999267578125 522.3499755859375 522.3499755859375 522.29998779296875 522.66998291015625 522.3699951171875 522.42999267578125 522.489990234375 522.46002197265625 521.58001708984375 520.32000732421875 521.83001708984375 520.3900146484375 519.59002685546875 519.42999267578125 519.28997802734375 519.16998291015625 519.05999755859375 518.95001220703125 518.79998779296875 518.65997314453125 518.52001953125 518.3800048828125 518.17999267578125 518.030029296875 517.8499755859375 517.77001953125
528.33001708984375 527.8699951171875 527.34002685546875 526.80999755859375 526.219970703125 525.69000244140625 525.21002197265625 524.8499755859375 523.55999755859375 523.03997802734375 522.489990234375 522.02001953125 521.71002197265625 520.969970703125 521.69000244140625 521.739990234375 522.530029296875 522.66998291015625 522.469970703125 522.3499755859375 522.3599853515625 522.34002685546875 522.75 522.32000732421875 522.4000244140625 522.46002197265625 522.5 520.8900146484375 520.260009765625 520.30999755859375 520.34002685546875 519.45001220703125 519.280029296875 519.1300048828125 519.02001953125 518.92999267578125 518.82000732421875 518.67999267578125 518.54998779296875 518.4000244140625 518.28997802734375 518.0999755859375 517.95001220703125 517.78997802734375 517.71002197265625
527.8499755859375 527.3699951171875 526.8599853515625 526.3499755859375 525.83001708984375 525.33001708984375 524.8499755859375 524.47998046875 523.280029296875 522.780029296875 522.260009765625 521.80999755859375 521.6300048828125 521.33001708984375 521.57000732421875 521.6500244140625 522.55999755859375 522.83001708984375 522.52001953125 522.3599853515625 522.3699951171875 522.29998779296875 522.19000244140625 522.30999755859375 522.3599853515625 522.41998291015625 522.44000244140625 521.260009765625 520.40997314453125 520.42999267578125 520.25 519.30999755859375 519.1300048828125 519.010009765625 518.8800048828125 518.79998779296875 518.70001220703125 518.58001708984375 518.45001220703125 518.33001708984375 518.19000244140625 518.03997802734375 517.90997314453125 517.75 517.66998291015625
527.34002685546875 526.8599853515625 526.3499755859375 525.9000244140625 525.4000244140625 524.91998291015625 524.46002197265625 524.1099853515625 523.030029296875 522.59002685546875 522.07000732421875 521.65997314453125 521.40997314453125 521.20001220703125 521.469970703125 521.53997802734375 522.54998779296875 522.8599853515625 522.469970703125 522.34002685546875 522.3800048828125 522.3800048828125 522.3699951171875 522.3900146484375 522.3900146484375 522.34002685546875 522.17999267578125 521.70001220703125 520.8599853515625 520.3900146484375 520.05999755859375 519.1500244140625 518.989990234375 518.8699951171875 518.760009765625 518.67999267578125 518.59002685546875 518.47998046875 518.3699951171875 518.260009765625 518.1199951171875 517.989990234375 517.83001708984375 517.71002197265625 517.65997314453125
526.8599853515625 526.34002685546875 525.8699951171875 525.40997314453125 524.96002197265625 524.510009765625 524.05999755859375 523.72998046875 522.780029296875 522.27001953125 521.82000732421875 521.42999267578125 521.16998291015625 521.17999267578125 521.33001708984375 521.41998291015625 522.08001708984375 522.3699951171875 522.239990234375 522.25 522.3800048828125 522.47998046875 522.47998046875 522.46002197265625 522.3800048828125 522.3599853515625 522.3900146484375 521.57000732421875 520.4000244140625 520.16998291015625 519.719970703125 519.05999755859375 518.8699951171875 518.760009765625 518.65997314453125 518.57000732421875 518.5 518.3800048828125 518.27001953125 518.17999267578125 518.07000732421875 517.94000244140625 517.82000732421875 517.69000244140625 517.6300048828125
526.1500244140625 525.780029296875 525.33001708984375 524.8900146484375 524.5 524.07000732421875 523.6500244140625 523.33001708984375 522.52001953125 522.02001953125 521.6099853515625 521.27001953125 521.04998779296875 520.95001220703125 521.16998291015625 521.3499755859375 521.58001708984375 521.8499755859375 521.94000244140625 522.1099853515625 522.41998291015625 522.6500244140625 522.70001220703125 522.6400146484375 522.5 522.3599853515625 522.28997802734375 521.91998291015625 520.69000244140625 520.010009765625 519.52001953125 518.94000244140625 518.77001953125 518.65997314453125 518.54998779296875 518.47998046875 518.4000244140625 518.28997802734375 518.19000244140625 518.1199951171875 518.02001953125 517.8800048828125 517.78997802734375 517.65997314453125 517.6099853515625
525.6300048828125 525.219970703125 524.79998779296875 524.40997314453125 524.010009765625 523.6400146484375 523.25 522.94000244140625 522.30999755859375 521.78997802734375 521.4000244140625 521.1400146484375 520.95001220703125 520.83001708984375 520.96002197265625 521.1400146484375 521.4000244140625 521.6199951171875 521.72998046875 522.09002685546875 522.53997802734375 522.6400146484375 522.6400146484375 522.5999755859375 522.55999755859375 522.34002685546875 522.17999267578125 521.90997314453125 521.1500244140625 519.79998779296875 519.28997802734375 518.82000732421875 518.65997314453125 518.57000732421875 518.46002197265625 518.3900146484375 518.32000732421875 518.22998046875 518.1300048828125 518.04998779296875 517.96002197265625 517.84002685546875 517.72998046875 517.6199951171875 517.5999755859375
525.04998779296875 524.70001220703125 524.29998779296875 523.90997314453125 523.55999755859375 523.219970703125 522.84002685546875 522.58001708984375 522.04998779296875 521.6099853515625 521.25 521.030029296875 520.8800048828125 520.6400146484375 520.84002685546875 521 521.45001220703125 521.58001708984375 521.6500244140625 521.780029296875 522.07000732421875 522.1300048828125 522.1400146484375 522.1199951171875 522.15997314453125 522.17999267578125 522.02001953125 521.80999755859375 521.02001953125 519.65997314453125 519.15997314453125 518.72998046875 518.57000732421875 518.489990234375 518.3900146484375 518.30999755859375 518.25 518.15997314453125 518.07000732421875 518.010009765625 517.91998291015625 517.79998779296875 517.71002197265625 517.6099853515625 517.58001708984375
524.45001220703125 524.20001220703125 523.84002685546875 523.47998046875 523.1500244140625 522.82000732421875 522.489990234375 522.280029296875 521.8800048828125 521.44000244140625 521.1099853515625 520.94000244140625 520.77001953125 520.4000244140625 520.70001220703125 520.84002685546875 521.66998291015625 521.6400146484375 521.6300048828125 521.6400146484375 521.95001220703125 521.989990234375 522.02001953125 522.030029296875 522.030029296875 521.94000244140625 521.83001708984375 521.59002685546875 520.71002197265625 519.52001953125 519.08001708984375 518.6400146484375 518.5 518.40997314453125 518.32000732421875 518.260009765625 518.19000244140625 518.1199951171875 518.030029296875 517.97998046875 517.8800048828125 517.78997802734375 517.70001220703125 517.5999755859375 517.57000732421875
523.8900146484375 523.739990234375 523.42999267578125 523.09002685546875 522.78997802734375 522.47998046875 522.21002197265625 522.02001953125 521.71002197265625 521.30999755859375 521.010009765625 520.83001708984375 520.69000244140625 520.20001220703125 520.469970703125 520.58001708984375 521.19000244140625 521.40997314453125 521.469970703125 521.57000732421875 521.6199951171875 521.69000244140625 521.66998291015625 521.69000244140625 521.6300048828125 521.57000732421875 521.40997314453125 521.15997314453125 520.510009765625 519.3499755859375 518.94000244140625 518.54998779296875 518.42999267578125 518.3499755859375 518.260009765625 518.219970703125 518.15997314453125 518.08001708984375 518.010009765625 517.94000244140625 517.8499755859375 517.780029296875 517.66998291015625 517.57000732421875 517.55999755859375
523.4000244140625 523.3499755859375 523.1099853515625 522.79998779296875 522.510009765625 522.22998046875 521.989990234375 521.84002685546875 521.6199951171875 521.22998046875 520.91998291015625 520.72998046875 520.5999755859375 519.84002685546875 520.260009765625 520.33001708984375 520.72998046875 520.95001220703125 521.04998779296875 521.1099853515625 521.16998291015625 521.16998291015625 521.07000732421875 520.97998046875 521.15997314453125 521.05999755859375 520.95001220703125 520.69000244140625 520.1099853515625 519.260009765625 518.82000732421875 518.47998046875 518.3599853515625 518.28997802734375 518.21002197265625 518.16998291015625 518.0999755859375 518.030029296875 517.97998046875 517.90997314453125 517.82000732421875 517.739990234375 517.6500244140625 517.58001708984375 517.54998779296875
523 523.04998779296875 522.8599853515625 522.58001708984375 522.33001708984375 522.05999755859375 521.8499755859375 521.719970703125 521.54998779296875 521.1400146484375 520.84002685546875 520.6500244140625 520.5 519.6300048828125 520.010009765625 520.1199951171875 520.3599853515625 520.530029296875 520.6099853515625 520.6500244140625 520.66998291015625 520.66998291015625 520.6099853515625 520.6199951171875 520.59002685546875 520.530029296875 520.510009765625 520.32000732421875 519.72998046875 519.1400146484375 518.66998291015625 518.40997314453125 518.30999755859375 518.239990234375 518.17999267578125 518.1400146484375 518.09002685546875 518.02001953125 517.96002197265625 517.9000244140625 517.82000732421875 517.72998046875 517.66998291015625 517.5999755859375 517.54998779296875
522.739990234375 522.8599853515625 522.70001220703125 522.42999267578125 522.19000244140625 521.95001220703125 521.739990234375 521.6300048828125 521.44000244140625 521.07000732421875 520.739990234375 520.57000732421875 520.3800048828125 519.42999267578125 519.80999755859375 519.8699951171875 520.05999755859375 520.16998291015625 520.20001220703125 520.22998046875 520.25 520.22998046875 520.22998046875 520.15997314453125 520.07000732421875 520.08001708984375 520.03997802734375 519.84002685546875 519.47998046875 519.04998779296875 518.54998779296875 518.34002685546875 518.260009765625 518.19000244140625 518.15997314453125 518.1400146484375 518.07000732421875 518.010009765625 517.95001220703125 517.8900146484375 517.83001708984375 517.75 517.70001220703125 517.6199951171875 517.59002685546875
522.53997802734375 522.69000244140625 522.54998779296875 522.34002685546875 522.0999755859375 521.8499755859375 521.66998291015625 521.5999755859375 521.3699951171875 520.94000244140625 520.6400146484375 520.42999267578125 520.239990234375 519.5999755859375 519.6099853515625 519.69000244140625 519.760009765625 519.80999755859375 519.8499755859375 519.8699951171875 519.8499755859375 519.80999755859375 519.84002685546875 519.739990234375 519.69000244140625 519.67999267578125 519.5999755859375 519.47998046875 519.21002197265625 518.969970703125 518.469970703125 518.280029296875 518.21002197265625 518.1500244140625 518.1300048828125 518.1099853515625 518.05999755859375 518.02001953125 517.96002197265625 517.9000244140625 517.84002685546875 517.780029296875 517.72998046875 517.66998291015625 517.6400146484375
521.58001708984375 521.6199951171875 521.5 521.32000732421875 521.1500244140625 521.07000732421875 520.91998291015625 520.90997314453125 521.05999755859375 520.760009765625 520.52001953125 520.29998779296875 519.94000244140625 519.1500244140625 519.3900146484375 519.55999755859375 519.6199951171875 519.5999755859375 519.59002685546875 519.57000732421875 519.52001953125 519.489990234375 519.510009765625 519.40997314453125 519.3599853515625 519.3599853515625 519.28997802734375 519.21002197265625 519.02001953125 518.8699951171875 518.3800048828125 518.21002197265625 518.1099853515625 518.1099853515625 518.1099853515625 518.0999755859375 518.07000732421875 518.02001953125 517.969970703125 517.92999267578125 517.8599853515625 517.80999755859375 517.75 517.70001220703125 517.70001220703125
519.71002197265625 519.5999755859375 519.53997802734375 519.46002197265625 519.42999267578125 519.469970703125 519.54998779296875 519.6400146484375 519.75 519.90997314453125 519.8800048828125 519.79998779296875 519.77001953125 519.69000244140625 519.17999267578125 519.530029296875 519.54998779296875 519.45001220703125 519.40997314453125 519.3699951171875 519.29998779296875 519.22998046875 519.27001953125 519.15997314453125 519.15997314453125 519.1199951171875 519.05999755859375 518.96002197265625 518.8599853515625 518.78997802734375 518.33001708984375 518.15997314453125 518.09002685546875 518.05999755859375 518.05999755859375 518.04998779296875 518.02001953125 517.989990234375 517.94000244140625 517.9000244140625 517.8599853515625 517.80999755859375 517.77001953125 517.719970703125 517.739990234375
