resources/dgm_25.grd
ncols         83
nrows         81
xllcorner     4489600
yllcorner     5320200
cellsize      25
NODATA_value  -9999
[rows 0 to 34 of 81, columns 0 to 77 of 83]
-9999 -9999 -9999 565.2 569.5 576.5 580.3 580.2 574 575 573.2 571.9 566.6 561.7 550.4 541.2 540.4 539.6 539.8 540.1 548.5 560 563.3 565.9 569.4 576.8 576.2 574.4 571.8 569.5 564 556.8 550.2 545.3 551.2 558 561.1 562.5 562.2 561.7 560.4 559.1 558.4 557.6 557 557.7 559.1 560 559.1 557 556.2 556.1 556.6 557.3 557.6 558 558.3 557.5 550.1 549 552.7 560.2 562.2 562.1 561.3 562.3 562.2 562.5 561.8 561.3 561.3 560.4 557.3 550 554.1 556.6 557.9 556.3
-9999 -9999 -9999 569.8 574.8 577.7 577.1 584 582.2 575.5 573.7 571.9 570.3 568 564.7 561.1 553.3 541.3 538.5 538.1 541.1 556.8 560.8 564.4 567.1 573.2 571.6 570.9 569.2 567.4 563.2 556 549.7 544.1 544.3 551.9 555.4 558.3 559.8 559.2 558.1 557.2 557.2 556.5 555.9 556.9 557.4 557.3 556.6 555.1 554.5 553.5 553.3 553.7 553.9 554.3 554.6 553.6 547 547.2 554.2 556.7 557.1 557 558.1 558.5 558.3 558.3 557.8 557.6 557.1 556.6 555.1 553.1 546.6 550.4 548.7 547
-9999 -9999 -9999 575.1 577.2 581.3 582.3 583.1 578.7 574.6 573.1 571.8 570.3 568.3 566.2 564.5 563.2 553.1 538.3 536.8 539.4 557.2 561.4 564.6 565.5 564.8 564.7 564.8 563.6 565.3 562.8 556.8 551.4 543.8 543.1 547 551.2 553.4 556.5 557.1 556.5 556.1 556.2 555.6 554.9 555.7 555.7 555 554.5 553.5 552.8 551.3 550.2 550 550.4 550.7 550.7 547.8 544.9 545.7 550.5 552.1 551.5 553.5 554.9 555.3 555 554.8 554.5 554.4 554 553.5 552.8 552.5 551 544.2 542.9 541.8
-9999 -9999 -9999 571.7 577.1 582.4 584.3 581.6 577.5 573.7 571.9 571.1 569.5 567.3 565.6 564.3 563.5 550 536.5 535.9 541.9 558.9 563.2 565.1 562.1 560.3 559.9 561.4 561.3 562.3 561.3 556.1 552.2 548.1 542 542.7 547.2 550 553.2 555.4 555.3 554.9 554.7 554.1 553.7 554.2 553.9 552.9 552.3 551.9 551.2 550 547.8 547.8 547 546.6 545.8 543.5 542.2 543.4 546.1 546.4 547.6 549.9 552.1 553 553.3 553.1 552.7 552.6 552.3 552.2 551.9 551.9 550.7 548.9 545.4 540.8
-9999 -9999 -9999 578.1 580.4 580.8 581.2 578.2 575.8 572.8 571.2 570.5 568.6 566 564.4 563.3 561.8 543.1 536.5 536 541.4 559.6 563.4 562.2 555.9 557.5 556 555.9 557.3 557.5 560.5 556.3 551.4 547.8 541.6 540.7 542.9 546.6 550.5 553.8 553.9 553.5 553 552.5 552.4 552.6 552.4 551.6 551.1 550.8 549.9 548.5 547.2 544.9 543.9 543 541.4 540.2 539.8 540.6 540.9 541.8 543.6 546.2 549.4 551.5 551.8 551 550.2 550 549.9 550.5 550.8 550.7 550.4 549.4 548.3 546
-9999 -9999 -9999 581 580.7 578.7 576.5 574.9 574.3 572.3 571.1 569.9 567.4 564.9 563.8 563.5 552 538.2 535.8 536.9 544.8 558.8 560.8 558.6 553.3 553.4 552.9 552.2 552.1 554.8 559 557.1 550.9 547.5 540.8 539.5 540.1 543.4 547.6 551.3 553.1 552.4 551.7 551.2 551.1 551.1 551 550.5 549.9 549.7 548.9 547.6 546.3 543.3 542.7 541.6 539.6 538 538.7 538.3 538 538.5 540 543.4 547.5 550 550.5 549.3 544.3 546.1 546.8 547.7 548.3 548.1 547.9 547.2 547.1 546.6
-9999 -9999 -9999 581 579.9 578.4 576.5 574.4 572.7 572.5 571.2 568.8 566.6 564.4 563.5 563.8 549.7 536.4 535.6 536.4 541.4 556.5 556.9 555.4 552.9 549.2 546.9 545.8 548.7 554.8 555.8 554.4 550.1 546.7 540.1 538.8 538.8 541.2 545.6 548.7 551.2 551 550.3 549.8 549.5 549.2 548.8 548.5 548.3 548.7 547.7 546.3 544.2 542.6 542 541.8 542.1 541.9 542.1 536.5 537.4 535.7 537 541.2 545.3 548 547.8 546.2 539.9 542.9 542.9 543.8 544.2 544.4 544.5 544.4 543.7 543.6
-9999 -9999 -9999 581.8 579.7 578 576.5 575 573.3 572.8 571.1 569.2 566.7 563.9 563 563.1 549.7 535.3 535.3 535.5 536.2 543.6 553.5 553.5 551.3 546.3 541.9 546.1 547.7 551.3 549.9 550.6 548.5 544.1 539 538 536.5 539.3 543.9 546.7 549.5 550 549.5 548.8 548.2 547.8 547.4 547.1 547 547.7 546.2 545.1 543.9 543.2 543.5 544.1 544.6 545.1 543.3 540 534.8 534.4 534.5 539.4 543.5 545.5 544.4 542.5 540.5 535.9 538.4 539 539.5 535.2 536.6 540.2 538.5 538.6
-9999 -9999 -9999 584.1 580.9 577.9 575.5 574.3 572.9 571.9 570.5 568.8 566.5 563.6 562.9 562.2 552.7 535.8 535.3 535.6 535 535.7 542.5 551.9 545.2 539.9 541.1 544.5 546.6 546 544.9 545.2 544.4 541.9 538.1 537.1 536.6 537.7 541.9 544.5 547.1 547.8 548.9 547.8 547.2 546.9 546.6 546.2 545.9 546.3 546.4 545.2 544.5 544.8 545.9 546.6 547.2 546.6 542.6 537.9 533.8 533.2 533 536.9 541.7 542.3 541 538.6 535.8 533 532.8 532.4 531.2 529 528.6 530.5 530.5 532.1
-9999 -9999 -9999 583.8 581 577.3 574.8 573.6 572.4 571.1 569.6 568 565.6 563.3 562.2 562.2 558.6 541.5 534.7 534.9 535.1 535.1 535.2 537.7 538.1 534.2 543 545.2 546.3 542.4 541 541.2 540.3 539.8 538.3 536.3 535.4 536 538.4 541 543.2 544.6 545.1 545.7 545.9 545.7 545.5 545.8 545.9 545.9 546.6 545.7 545.7 546.4 546.7 546.5 546.2 545.2 541 536.8 533.2 532.4 531.8 533.9 537.8 538.8 536.5 533.2 529.5 526.9 526.2 525.9 525.2 524.6 525 524.8 525.1 526.1
-9999 -9999 -9999 582.1 578.9 576.3 574.4 572.9 571.5 570.4 568.9 566.7 563.9 563 561.9 561.6 561.6 552.4 537.9 534.8 535.2 533.7 532.3 533 532.8 533.3 534 542.2 540.1 535.8 534.8 534.3 534 535.1 536 534.8 534.2 533.5 535.1 536.5 539.8 541 541.6 542.1 542.6 542.6 543.1 543.7 545.7 545.5 545.7 546 546 546.4 546.7 545.8 544.2 542.6 540 536.5 533 531.5 530.6 531.2 533.9 534.4 530.6 526 522.7 522.2 522.6 522.2 522.1 522.5 523.1 522.9 523 522.9
-9999 -9999 -9999 579.9 576.9 575 573.6 572.3 571 569.5 567.2 565.8 562.4 561.5 561.3 561.2 561.4 561.8 552.9 542.8 534.5 532.8 531.8 532.1 531.8 531.1 531.7 532.4 532.2 531.5 530.9 530.9 531.8 533 533.6 533.6 533.1 532.3 532.1 534.4 535.8 536.6 537.3 538.1 538.7 539.1 540 540.4 541.1 542.7 544.1 544.7 545 545.6 545.2 543.4 541.8 540.4 538.9 536 532.5 530.5 529.6 529.1 530.7 529.9 525.4 522.7 521.1 520.1 519.8 519.4 520.2 521.4 521.4 521.8 521.9 522
-9999 -9999 -9999 578 575.8 574.3 572.6 570.8 569.9 568.9 562 560.8 562.3 559.3 556.2 557 552 554.5 556.7 552 536.8 535.8 534.2 532.8 531.7 530.7 529.8 529.3 528.9 528.8 529 529.5 530.6 531.5 531.9 532 531.9 531.5 530.7 530.3 530.8 532 532.8 534.2 535.4 536.1 536.8 536.9 537.1 538.8 540.4 541.9 542.8 543.2 543.3 541.4 539.9 538.5 537.1 534.7 531.8 529.9 529 526.9 526.9 526.9 524.9 522.5 520.8 519.2 518.7 518.6 519.7 520.8 521.1 521.2 521.3 521.3
-9999 -9999 -9999 576.2 574.1 572.2 570.6 569.4 567.3 562.8 566 566.3 564 562.4 562.3 560.6 554.6 548.4 546.4 543.6 539.9 536.5 535.1 532.9 531.2 530.3 529.8 529.1 528.7 528.5 528.5 528.7 529.4 529.9 530.1 530.1 529.9 529.7 529.4 529 529 528.8 529.6 530.4 531.8 533 533.8 534.2 534.8 536 537.1 538.5 539.8 539.9 541 539.5 538.3 536.8 535.1 533.5 531.4 529.1 527.1 526.3 526.5 525.2 524.6 522.3 520.9 519.1 518.4 518.5 519.2 520.2 520.8 521.2 521.3 521.3
-9999 -9999 -9999 574.1 572.5 570.8 567.5 564.4 564.6 569.7 568.6 566.3 563.9 562.5 561.5 561.2 560.1 552.3 545.3 543.5 541.8 540.3 536.2 533.2 530.9 529.9 529.6 529.1 528.5 528.3 528.2 528.2 528.4 528.6 528.7 528.7 528.5 528.3 528.2 528.2 528.3 527.8 527.6 528.4 529.1 530 530.8 531.5 532.1 533.3 534.4 535.3 536.6 537.6 537.6 537.5 536.7 535.6 534.4 532.6 530.8 528.8 526.1 525.3 526 523.8 523.1 521.6 520.6 519 518.4 518.4 519 519.7 520.4 520.7 521 521.2
-9999 -9999 -9999 572 570.3 569.8 566 567.7 570.2 569.9 568.2 566.3 563.9 562.4 561.4 560.9 560.6 559.8 554.8 551.1 546.3 543.4 538.3 532.2 530.4 530.3 529.2 529.3 528.5 528.1 528.1 528 528 528.1 528 527.7 527.4 527.2 527.1 527.1 527.4 527.4 527.1 526.9 527.2 527.6 528.1 528.9 529.4 530.7 531.7 532.3 533.3 534.7 534.6 535.5 535.2 534.9 534.3 532.8 531 528.8 525.7 522.7 522.7 522.5 522.5 521 520 518.6 518.1 518.5 519 519.4 519.9 520.3 520.3 520.2
-9999 -9999 -9999 575.3 572.6 569.7 568.6 569.8 571 569.7 567.9 566.3 564.3 562.4 561 559.7 560 560.1 559.9 559.2 553.7 545.5 540.9 535.3 531.2 531 528.9 529.1 528.9 528.4 528 527.8 527.6 527.5 527 526.7 526.7 526.5 526.6 526.6 526.8 527 526.9 526.8 526.9 526.9 527 528.1 528 528.3 529 529.8 530.3 531.4 531.8 533.1 533.3 532.9 533.1 532.2 530.7 528.6 525.2 522.6 522.4 522.3 522.7 520 519.3 518.2 517.8 518.2 518.7 518.9 519.2 519.5 519.8 519.5
-9999 -9999 -9999 576.2 574 572.4 570.8 571.2 571.3 569.2 567.5 566 564.5 563 561.1 558.5 556.8 559.5 559.5 558.2 555.2 548.8 543 538.6 533.6 530.4 529.1 528.8 529 528.7 527.6 527.5 527.3 527.1 526.7 526.6 526.6 526.2 526.3 526.2 526.6 527 526.9 526.8 526.8 526.8 526.9 527.5 527.6 528.1 527.9 528.2 528.6 529.1 529.3 530.8 530.7 531.1 530.8 530.5 529.7 527.2 523.9 521.7 522.5 522.5 521.7 519.2 518.7 517.9 517.5 517.7 518 518.3 518.5 518.6 519.4 519.5
-9999 -9999 -9999 575.1 574.3 572.7 571.8 571.3 570.4 568.8 567 565.9 565.1 564.3 561.8 558.1 553.8 557.4 553.2 554 551.7 549.5 545.6 540.9 536.6 532.2 530.7 528.5 528.8 528.5 528.4 527.6 527.1 526.9 526.6 526.7 526.6 526.2 526.3 526.1 526.3 526.7 526.8 526.9 527 527.1 527.3 527.7 527.6 528.3 528.3 528 527.5 527.8 528.1 528 528.6 528.7 527.9 527.9 526.6 524.9 522.5 521.1 522.1 522.5 520.9 518.6 518.2 517.7 517.4 517.3 517.4 517.6 517.9 518.3 519 518.7
-9999 -9999 -9999 577.4 575.6 573.4 572.2 570.7 569.3 567.7 566.5 565.4 565.2 564.6 562.2 558.2 552.2 551.5 550.3 550.1 547.5 546.3 543.9 540.3 536.7 532.1 531.1 530.2 529.6 528.2 527.4 527.5 527.5 527.1 526.7 526.7 526.5 526.2 526.3 526.1 526 526.2 526.5 526.9 527.3 527.4 527.4 527.3 527.1 527.2 527.5 527 525.5 525.6 526.1 526.6 526 526.5 525.5 524.8 523.7 522.7 521.6 520.4 521 521.1 520.1 518.3 518 517.6 517.4 517.3 517.2 517.3 517.5 517.7 517.5 516.8
-9999 -9999 -9999 582.2 577.4 574.4 573.3 570.4 568.3 564 565 558.8 562.6 562.3 560.4 557.5 553 549.1 547.5 546.6 545 543.6 541.3 538.1 534 532.9 532.1 531.5 529.7 528.1 527.4 526.9 526.6 527.2 527.1 526.8 526.3 526.1 526.3 526.1 526 526.1 526.6 527.2 527.6 527.2 526.4 526.4 526.9 526.8 526.1 526.2 525 524.4 524.7 523.8 522.8 522.2 521.4 520.7 520.1 519.6 519.9 519.4 519.3 519.2 518.8 518.1 517.9 517.7 517.5 517.3 517.2 517.1 517 516.8 516.5 516.6
-9999 -9999 -9999 588.3 579 575.8 574.2 571.4 570.2 568.3 565.2 562.7 560 555.5 556.2 552.8 550.4 547.5 545.6 544.2 542.9 540.8 538.9 536.2 534.4 533.7 533.9 534.1 532.8 529.9 528.4 527.7 526.6 526.4 526.2 526.9 526.6 526.3 526.2 526.1 526.2 526.3 526.7 527.3 527.6 527 526.7 526.4 526.1 525.8 525.3 524.5 523.5 523.4 523.9 523.4 522.4 522.1 521.5 520.9 520.4 519.8 519.2 519 519 518.7 518.5 518.2 518 517.9 517.6 517.5 517.3 517.2 517 516.6 516.6 516.9
-9999 -9999 -9999 590.1 582.6 578 576 573.8 571.9 569.5 567.4 565.9 563.5 560.1 556.1 550.9 549.2 547.4 545.2 543.3 541.3 539.2 537.4 536.7 536.7 536.5 537.2 537.8 536.7 536 532.6 530.9 528.2 528.4 527.6 526.8 526.3 526.3 526.4 526.1 526.3 526.4 526.7 527.1 526.1 526.3 526.6 526.3 526.7 526.4 525.8 522.4 522.8 523.5 524 523.6 522.3 521.5 521 520.7 520.2 519.7 519.4 519 518.7 518.4 518.2 517.9 517.7 517.7 517.4 517.4 517.4 517.3 517 517.2 516.9 515.7
-9999 -9999 -9999 592.1 587.8 581 578.8 575.8 573.2 571.2 569 566.4 560.9 556.9 555.3 552.8 550.4 548.4 545.7 542.6 540.9 538.8 537.5 537.3 538.2 539.5 540.6 541.2 541.1 540.3 537.4 535.4 533.4 532.1 531.4 529.8 528.4 527.2 525.4 525.8 526 526.1 526.1 526.5 526.2 525.9 529.1 528.5 526.2 524.9 524 523.2 523.3 524.5 524.8 523.8 522.5 521.6 521 520.8 520.4 520 519.7 519.1 518.6 518.3 518 517.7 517.5 517.4 517.1 517 517.6 517.8 517.1 516.3 515.4 515.5
-9999 -9999 -9999 594.9 591.7 584.9 580.8 577.5 574.4 571.4 569 563.8 562.2 559.7 557.5 555.9 554.1 551 546.8 543.6 541.5 539.8 538.5 539.2 542.2 543.7 544.6 545 545.6 544.9 542.9 542.2 538.9 537.3 536 534.9 533.3 530.9 528.4 525.4 525.2 525.3 525.5 526 526.5 526.6 527.3 527.3 526.4 526.8 526.2 524.1 522.4 522.7 524.8 523.9 522.5 521.7 521 521 520.6 520 519.5 519.1 518.7 518.2 517.9 517.6 517.5 517.4 517.1 517.3 517.8 517.5 516.1 515.9 515.7 515.4
-9999 -9999 -9999 596.1 593.2 588.5 582.6 579.3 575.1 571.9 568.9 565.9 564.2 562.3 560.4 558.8 556.9 554.9 549.7 546.4 543.2 541.6 540.2 542 544.6 548.5 548.4 549 550 550.6 551 548.4 544.8 542.9 542.4 540.8 539.7 537 533.3 530.2 528 526.7 525.4 525.2 525.8 526.3 526.5 526.6 526.9 526.8 526.2 524.7 524.3 521.9 523.9 523.8 522.3 521.6 521 520.9 520.4 520 519.6 519.3 518.9 518.2 517.8 517.6 517.4 517.3 517.5 517.8 516.8 516.3 516.2 516 515.9 515.6
-9999 -9999 -9999 596.6 594.2 590 585 581.2 576.4 573.5 571.1 567.9 564.6 565.4 563.4 560.6 559.1 557.5 552.9 549.9 545 543.5 542 545.6 547.7 550.5 552.7 553.3 556 558.9 555 552.9 551 551.4 548.8 547.7 544.6 542.5 539.4 535.9 532.7 529.6 526.5 525.4 525.3 526 526.6 526.9 526.6 526.5 526.6 525 524 521.8 521.7 522.8 522.1 521.8 521 520.7 520.2 520 519.6 519.3 519.1 518.3 518 517.9 517.8 517.7 517.9 517 516.3 516.3 516.2 516 515.7 515.6
-9999 -9999 -9999 596.6 593.5 590.7 587.4 583.1 578.8 575.7 573.8 569 568.7 567.4 565.4 562.2 559.9 557.9 555.5 553.5 547.4 544.9 544.2 546.6 547.4 551.1 555.5 558.6 561.1 560.9 557.9 555.8 555 553.3 551.1 550.8 549.4 548.1 547.2 541.7 538 534 528.3 525.9 525.4 525.9 526.7 527 526.7 526.3 526.2 525.8 524.6 523.2 520.5 521.8 521.7 521.4 521 520.7 520.1 520 519.7 519.3 519.2 518.5 518.1 518.1 518.1 517.8 517.3 516.5 516.3 516.3 516.1 515.9 515.6 515.5
-9999 -9999 -9999 595 592 592.2 589.5 584.9 581.1 577.9 575.1 573.2 570.9 568.7 566.8 564.2 561.4 559.1 557.4 554.9 550.2 546 545.7 548.5 549.3 554.3 558.3 559.5 562.4 561.1 558.5 556.5 555.3 554 552.3 551.8 550.9 550.4 549.1 545 541 536.8 531.1 527.3 526.1 526.6 527 527.2 526.8 526 525.9 525.6 524.7 523.7 523.1 521.1 519.6 520.3 520.5 520.4 520 519.8 519.6 519.2 519.1 518.6 518 518.1 517.8 517.3 517 516.4 516.1 516 515.9 515.8 515.5 515.4
-9999 -9999 -9999 595 594 594.8 590.8 586.1 582.6 579.5 577.2 575.8 573.2 570.3 568.2 566.3 562.1 560.2 558.5 557 552.2 547.8 547.5 549.6 550.7 553.6 556.5 557.2 558.5 558 557.1 556.1 555 554.1 553.3 552.4 551.5 551.1 547.7 542.6 539.3 535.3 531.1 528.4 527.3 527 527.1 527.1 526.4 525.9 525.6 524.8 523.9 522.9 522.3 521.2 520.6 520.1 520.2 519.9 519.6 519.5 519.2 518.9 518.7 518.3 518.1 517.8 517.4 517.2 517.1 516.5 516.1 515.9 515.8 515.6 515.5 515.5
-9999 -9999 -9999 595.9 595.9 592.9 591.3 587.1 583.3 581.3 579.6 577.5 574.7 571.7 569.8 567.5 563.1 560 556 552.6 550.4 550 551.1 552.4 553.7 554.4 556.8 557.8 557.1 555.9 555.5 555.3 554.5 553.8 553.7 552.1 550.6 549.8 544.8 538 534.4 531.7 529.6 527.6 526.9 526.7 526.9 527 526.6 526 525.2 524.4 523.9 523.1 522.5 521.4 520.5 519.8 520 519.6 519.2 519 518.8 518.5 518.2 518.1 517.8 517.4 517.2 517.1 516.8 516.5 516.2 516 515.8 515.6 515.6 515.4
-9999 -9999 -9999 595 595.2 593.3 591.3 588.7 585.2 582.6 580.7 578.3 575.8 573.3 570.8 567.4 563 561.5 555.7 557 553.8 553.6 555.5 553.7 554.8 556.2 558.8 558.9 558 556.1 554.9 554.7 554.2 552.5 552.5 551.1 548.3 546.2 539.7 535.5 531.9 530.1 528.5 527.4 526.8 526.7 527 527 526.8 526.3 525.4 524 522.8 522 521.6 521.2 520.5 519.9 519.8 519.6 519.1 518.9 518.7 518.5 518.4 518.1 517.7 517.5 517.3 517 516.7 516.5 516.3 516 515.8 515.7 515.7 515.4
-9999 -9999 -9999 597.3 596.4 594.2 590.8 589.6 587.7 585.8 582.7 578.7 576.2 574 570.7 567.5 563.8 558.8 561.9 558.9 557.1 554.4 557.1 556.6 555.5 557.9 560.3 558.8 558.6 557.5 555.9 554.9 553.7 550.5 549.8 547.4 544 540.9 536.6 532.2 529.7 528.2 527.4 526.8 526.6 526.8 527 526.8 526.4 525.4 524.6 523.4 522 521.1 520.8 520.5 520.1 519.7 519.7 519.5 519.1 518.8 518.6 518.4 518.3 517.9 517.7 517.5 517.3 517 516.8 516.5 516.3 516 516.1 515.9 517 519.1
-9999 -9999 -9999 593.7 593.9 592.9 591.9 590.6 588.3 587.5 583.6 579.7 576.8 574.3 571.1 569 565.2 564.9 562.4 559.8 558 556.4 557.4 559.3 557.7 558.9 560.5 558 558.9 557.9 556.2 555.2 553.7 548.6 545.9 542 539.5 536.1 533 530.2 528.5 527.5 527.5 527 526.6 527 526.9 526.5 526.4 525.4 524.3 522.7 521.5 521 520.7 520.4 520.1 519.7 519.5 519.3 518.8 518.5 518.4 518.3 518 517.7 517.4 517.3 517.2 516.9 516.7 516.4 516.2 516.2 516.4 518.6 520.2 522
-9999 -9999 -9999 590.5 592.5 591.6 590.3 588.1 587.8 587 583.9 580.3 577.3 575.1 572.8 570.6 568.4 565.9 563 560.6 559.1 558.3 558.3 558.2 558.1 560.3 561.4 558.1 556.8 556.2 554.1 554.2 553.5 549 543.5 540.4 537.8 534.3 531.2 528.5 527.3 527 526.7 526.7 526.6 526.7 526 525.7 524.9 524 522.9 521.8 521 520.6 520.1 519.7 519.5 519.2 519.2 519.2 518.7 518.3 518.3 518.1 517.8 517.6 517.4 517.3 517 516.7 516.5 516.3 516.3 517.4 519.7 521.7 523.4 525.7
