resources/dgm_10.grd
ncols         207
nrows         201
xllcorner     4489600
yllcorner     5320200
cellsize      10
NODATA_value  -9999
[rows 64 to 95 of 201, columns 0 to 71 of 207]
-9999 -9999 -9999 -9999 -9999 -9999 599.35 597.6 595.75 594.4 594.08 592.84 590.7 588.53 586.27 583.94 583.03 581.49 579.3 577.41 575.68 574.43 573.4 572.39 570.94 570.15 569.03 567.62 566.3 565.38 563.42 562.96 564.28 564.27 563.71 562.38 561.18 560.21 559.71 558.97 558.47 558.05 557.42 556.54 554.87 551.78 550.41 549.13 547.4 545.34 544.3 544 543.33 542.38 541.38 541.16 541.95 543.3 545.26 546.72 546.36 548.39 549.5 550.78 551.25 551.15 551.01 551.3 551.68 552.37 553.33 555.71
-9999 -9999 -9999 -9999 -9999 -9999 599.08 597.53 595.59 594.57 594.23 592.84 590.98 589.17 587.38 584.95 584.46 582.3 579.94 577.94 576.39 575.16 574.03 573.07 571.73 571.01 570.17 568.56 567.14 565.09 564.6 565.01 565.16 565.3 564.76 563.46 561.94 560.92 560.33 559.74 559.14 558.58 557.98 556.86 555.31 552.88 551.98 550.95 548.69 546.36 545.05 544.12 543.81 543.07 542.24 542.04 542.74 544.58 546.49 547.6 547.74 548.58 549.83 551.22 552.43 552.74 552.72 552.99 553.64 554.62 555.98 558.32
-9999 -9999 -9999 -9999 -9999 -9999 598.2 596.76 595.18 594.45 593.98 592.44 590.81 589.57 588.52 585.85 585.56 583.01 580.67 578.73 577.21 576.03 574.88 573.86 573.01 572.19 571.18 569.51 567.51 565.62 566.73 566.15 566.14 566.41 565.86 564.13 562.7 561.65 560.74 560.17 559.52 559.11 558.26 557 555.49 554.23 553.35 552.55 550.5 547.51 545.74 545.04 544.23 543.82 543.54 543.29 543.72 545.34 547.14 547.82 547.73 548.05 549.32 551.34 553.24 554.06 554.44 554.91 556.03 557.21 558.48 559.74
-9999 -9999 -9999 -9999 -9999 -9999 597.44 596.9 595.78 594.77 593.87 592.39 591.11 590.27 589.46 586.82 586.44 583.67 581.44 579.76 578.23 576.94 575.82 574.71 574.17 573.29 572.22 569.7 567.17 568.47 567.91 567.24 567.09 567.01 566.43 564.92 563.72 562.3 561.21 560.34 559.91 559.09 558.26 557.42 556.16 555.08 554.32 553.7 551.86 548.85 546.91 545.89 544.94 544.25 543.76 544.26 544.62 545.74 547.09 547.82 547.37 548 549.6 551.91 553.82 554.99 555.52 556.6 558.84 560.22 560.27 560.96
-9999 -9999 -9999 -9999 -9999 -9999 597.45 596.98 596.05 594.27 593.1 591.97 591.01 590.97 590.48 587.83 586.85 584.46 582.44 580.86 579.31 577.91 576.77 575.64 574.79 574.17 573.02 570.54 569.59 569.75 569.15 568.34 567.94 567.54 566.87 565.8 564.94 563.38 561.92 560.91 560.15 559.06 558.43 557.69 556.79 555.84 554.94 554.27 553.08 550.1 547.89 546.38 545.63 544.59 544.02 544.27 545.14 546.19 547.48 547.31 547.57 548.57 550.46 552.56 554.58 556 556.54 557.96 560.37 561.64 561.66 561.55
-9999 -9999 -9999 -9999 -9999 -9999 597.34 596.68 595.39 593.69 592.42 591.54 591.2 591.82 591.35 588.76 587.48 585.11 583.35 581.86 580.33 578.86 577.7 576.44 575.29 574.7 573.1 571.6 571.37 570.95 570.35 569.23 568.71 567.88 567.2 566.56 565.68 564.36 562.7 561.5 560.64 559.58 558.57 558.05 557.47 556.59 555.3 554.53 554.11 551.75 548.89 547.29 545.96 545.09 544.78 545.14 546.51 547.66 548.1 547.63 548.21 549.9 551.93 554.02 555.81 557.17 557.69 558.7 560.26 561.79 562.14 561.87
-9999 -9999 -9999 -9999 -9999 -9999 597.25 596 594.08 592.8 592.04 591.68 591.76 592.55 591.99 589.43 587.87 585.73 584.08 582.59 581.14 579.77 578.68 577.2 575.86 575.1 574.71 573.8 572.88 571.79 570.92 569.96 569.08 568.23 567.62 566.77 565.78 564.72 563.41 562.43 561.17 560.58 559.51 558.51 558.23 557.42 556.18 555.14 554.74 553.63 550.2 547.88 546.43 545.73 545.45 545.68 547.19 548.33 548.45 548.31 549.35 551.22 553.39 555.22 556.94 558.29 558.64 558.98 560.16 561.7 562.42 562.1
-9999 -9999 -9999 -9999 -9999 -9999 596.57 594.99 593.23 592.06 591.96 591.95 592.91 593.27 592.32 589.97 588.4 586.38 584.66 583.27 581.82 580.61 579.41 577.94 576.47 575.76 575.56 574.87 573.88 572.93 571.9 570.88 569.75 568.75 567.65 567.13 566.22 565.57 564.62 563.16 562.05 561.34 560.43 559.74 558.98 558.35 557.26 556.24 555.89 554.92 552.21 548.14 547.12 546.41 546.03 546.1 547.36 548.79 548.76 549.2 550.31 552.36 554.12 555.47 557.06 558.43 558.87 558.76 559.29 560.36 561.27 561.09
-9999 -9999 -9999 -9999 -9999 -9999 595.65 595.05 593.55 592.3 593 594.07 594.66 593.7 592.4 590.45 588.95 586.68 585.23 583.67 582.4 581.2 580.02 578.57 577.15 576.64 576.56 576.09 574.93 573.79 572.93 571.9 570.46 569.37 568.45 567.85 567.18 566.51 565.43 563.55 562.12 561.13 560.37 560.08 559.45 558.76 557.91 557.08 556.68 555.89 552.91 548.37 547.52 547.29 547.27 546.77 547.35 549.23 549.23 549.84 550.63 552.27 553.65 554.89 556.21 557.49 557.98 557.83 557.92 558.72 559.36 559.4
-9999 -9999 -9999 -9999 -9999 -9999 596.91 596.17 594.86 593.72 594.89 595.93 595.6 593.94 592.62 591.12 590.02 587.24 585.69 584.01 582.74 581.47 580.36 579.22 578.21 577.76 577.41 576.67 575.6 574.58 573.52 572.63 571.35 569.99 569.07 568.65 567.98 567.18 565.79 563.61 562.12 560.88 560.29 560.33 559.29 558.06 557.32 556.57 556.33 555 551.1 548.67 548.19 548.01 548.36 548.4 548.08 549.51 549.94 550.61 550.96 551.51 552.46 553.46 554.41 555.8 557.08 557.05 557.04 557.55 557.86 557.87
-9999 -9999 -9999 -9999 -9999 -9999 597.56 596.67 595.48 594.71 595.95 595.74 594.36 593 592.37 591.72 590.66 587.77 585.81 584.16 582.9 581.7 580.79 580.12 579.52 578.81 578.02 577.2 576.2 575.05 574.08 573.08 571.84 570.55 569.68 569.26 568.76 567.85 566.12 564.09 562.27 561.5 561.21 560.76 559 557.39 555.95 553.56 552.74 550.97 549.75 549.4 548.69 549.04 549.67 549.76 549.27 550.32 551.18 551.91 552.04 552.05 552.66 553.63 555.37 556.54 557.04 557.27 557.49 557.37 557.21 556.91
-9999 -9999 -9999 -9999 -9999 -9999 597.36 596.34 595.58 595.84 595.86 594.87 593.66 592.19 591.35 591.16 590.94 588.26 586.08 584.76 583.25 582.26 581.59 581.02 580.33 579.54 578.75 577.83 577.02 575.87 574.65 573.58 572.29 571.04 570.12 569.78 569.4 568.25 566.69 564.52 563.14 562.21 560.94 559.06 556.61 555.98 552.73 552.61 552.28 550.93 550.4 549.65 549.42 550.69 551.14 551.14 550.58 551.68 553.07 553.81 553.73 552.92 553.76 555.08 556.11 556.71 557.09 557.7 557.84 557.68 557.13 556.51
-9999 -9999 -9999 -9999 -9999 -9999 597.45 596.48 595.65 595.93 595.21 593.79 592.59 591.02 590.61 591.32 590.38 589.1 586.84 585.2 584.12 583.22 582.22 581.51 580.81 580 579.34 578.48 577.68 576.7 575.3 573.92 572.93 571.92 570.84 570.25 569.74 568.51 566.67 564.95 563.5 562.12 558.66 559.44 557.94 553.51 553.11 552.84 554.26 553.47 552.04 550.07 551.02 552.36 553.02 552.77 552.1 552.93 554.34 555.4 555.06 553.76 554.42 556.12 557.09 557.35 557.61 557.86 558.23 558.1 557.41 556.62
-9999 -9999 -9999 -9999 -9999 -9999 596.42 595.63 595.05 595.04 594.45 593.93 593.31 592.01 590.96 591.34 590.13 589.62 587.84 586.12 584.79 583.76 582.71 581.79 581.11 580.4 579.78 578.74 577.92 576.88 575.66 574.53 573.61 572.55 571.71 570.98 569.55 568.05 566.95 565.08 562.35 560.46 561.31 560.06 555.59 554.29 557.3 556.65 555.78 554.95 552.64 550.56 552.5 553.76 554.72 554.66 553.68 553.18 554.37 555.2 555 554.06 554.96 556.85 557.82 558.23 558.46 558.57 558.64 558.49 557.76 556.92
-9999 -9999 -9999 -9999 -9999 -9999 595.26 595 595.65 596.35 596.2 595.81 594.48 593.04 591.56 591.41 589.58 589.01 587.81 587 585.68 584.51 583.51 582.65 581.86 581.05 579.87 578.64 577.79 576.98 576 574.87 574.02 572.99 571.99 570.75 569.36 568.03 566.55 565.4 564.14 563.07 562.25 558.33 554.65 557.37 559.07 558.06 557.05 556.2 555.2 551.59 552.17 555.15 556.11 556.1 554.43 553.78 553.89 554.46 554.83 554.89 555.77 557.34 558.59 559.45 559.55 559.36 559.04 558.73 558.19 557.37
-9999 -9999 -9999 -9999 -9999 -9999 596.2 596.45 597.38 597.15 597.03 597.92 595.39 593.42 591.61 590.66 589.68 589.23 588.46 587.76 586.59 585.87 584.93 584.06 583.05 581.83 580.29 578.86 577.83 576.85 575.96 575.09 574.29 573.31 572.14 570.73 569.34 567.91 566.85 566.07 564.96 562.56 560.07 557.52 556.82 560.24 560.02 558.75 558.03 557.18 556.62 554.17 552.2 556.3 556.88 556.92 555.33 554.89 554.66 554.63 555.03 555.71 556.82 558.15 559.66 560.29 560.03 559.49 559.04 558.65 558.48 557.95
-9999 -9999 -9999 -9999 -9999 -9999 597 597.17 597.44 597.03 596.38 596.61 595.44 593.18 592.02 590.81 590.08 589.81 589.18 588.55 587.67 586.86 586.22 585.37 584.3 582.72 580.91 579.32 578.09 577.06 576.21 575.23 574.44 573.54 572.11 570.83 569.21 567.79 567.23 566.26 563.82 561.58 559.7 558.51 560.55 561.9 560.37 559.2 558.53 557.82 557.1 555.4 552.59 556.72 557.01 557.14 556.66 556.62 556.42 555.83 555.46 555.98 557.17 558.79 560.23 560.3 559.79 559.12 558.58 558.4 558.65 558.43
-9999 -9999 -9999 -9999 -9999 -9999 596.22 595.79 595.4 595.13 594.65 594.39 594.08 592.69 591.85 591.26 590.86 590.75 590.07 589.29 588.41 587.34 586.85 586.31 585.09 583.29 581.45 579.81 578.6 577.44 576.49 575.68 574.57 573.48 572.24 570.62 569.24 568.58 567.01 565.07 562.81 560.77 560.49 560.43 563.27 562.53 560.7 559.68 558.9 558.24 557.47 556.25 553.23 556.61 556.79 556.95 557.34 558.06 558.32 557.52 556.46 556.42 557.36 558.8 559.78 560 559.36 558.54 557.66 558.3 558.84 558.84
-9999 -9999 -9999 -9999 -9999 -9999 595.14 594.33 594.07 594.22 594.18 593.77 593.18 592.74 592.48 591.99 591.54 590.94 590.39 589.53 588.45 587.74 587.39 586.78 585.36 583.69 581.77 580.23 578.92 577.87 576.66 575.87 574.8 573.5 572.02 570.96 569.97 569.13 567.61 564.74 563.6 563.01 563.09 563.58 564.12 562.44 560.94 560.05 559.22 558.69 557.88 556.26 554.91 556.76 556.76 557.14 557.65 558.7 559.29 558.65 557.3 557.25 558.11 558.97 560.2 560.23 559.37 558.38 557.91 558.55 558.92 559.02
-9999 -9999 -9999 -9999 -9999 -9999 594.43 593.51 593.14 593.42 593.5 593.42 592.78 592.63 591.77 591.49 590.77 590.43 589.94 589.06 588.36 588.06 588.01 587.08 585.35 583.5 581.93 580.53 579.09 577.99 576.89 575.83 574.9 573.94 572.34 571.31 570.53 569.85 568.8 567.48 566.68 566.37 566.25 565.62 564.24 562.47 561.2 560.4 559.55 559 558.24 557.57 556.94 557 557.24 557.75 558.21 559.1 559.27 558.79 558.04 558.07 558.76 560.08 560.92 560.87 560.08 558.67 557.81 558.34 558.68 558.8
-9999 -9999 -9999 -9999 -9999 -9999 593.19 592.31 592.06 592.75 592.84 592.53 592.33 591.66 591.15 590.45 589.62 589.31 588.72 588.57 588.73 588.1 587.85 586.59 585.2 583.47 582.03 580.85 579.29 577.95 577.08 576.18 575.22 574.11 573.38 572.12 571.04 570.5 569.63 568.55 567.75 567.18 566.52 565.74 564.09 562.63 561.62 560.75 559.84 559.33 558.67 558.01 557.62 557.58 557.91 558.04 558.37 558.75 558.77 558.5 558.46 559.09 559.82 560.98 561.78 561.47 560.51 559.15 557.47 557.61 558.08 558.07
-9999 -9999 -9999 -9999 -9999 -9999 591.67 590.65 590.7 591.92 592.51 592.42 592.04 591.07 590.67 590.32 589.53 588.46 587.67 587.96 587.71 587.99 587.77 586.21 585 583.87 582.67 581.1 579.57 578.22 577.18 576.54 575.65 574.59 573.64 572.88 571.76 571.01 570.25 569.45 568.4 567.33 566.37 565.33 564.28 563 562.01 561.09 560.26 559.69 559.2 558.66 558.25 558.38 558.41 558.3 558.38 558.34 558.17 557.91 558.06 559.1 559.89 560.83 561.61 561.39 560.32 558.93 557.29 556.58 556.79 556.88
-9999 -9999 -9999 -9999 -9999 -9999 589.95 589.45 589.74 591.01 592.02 592.02 591.66 590.91 590.64 590.22 589.16 587.97 587.02 586.82 587.26 587.8 586.77 586.29 584.98 584.06 583.12 581.55 579.7 578.57 577.79 576.49 575.89 575.2 574.38 573.58 572.39 571.38 570.64 569.69 568.74 567.27 566.59 565.8 564.61 563.55 562.41 561.48 560.72 560.17 559.68 559.29 559.01 559.04 558.96 558.5 558.09 557.51 556.8 556.82 557.44 558.52 559.41 560.06 560.71 560.49 559.58 558.35 556.92 556.05 555.85 555.98
-9999 -9999 -9999 -9999 -9999 -9999 589.42 589.16 589.32 590.65 591.5 591.49 591.15 589.83 589.81 589.47 588 586.71 586.05 586.34 586.6 587.42 587.4 585.91 585.12 584.16 582.99 581.32 580.27 579.1 578.18 577.5 576.64 575.68 574.84 574.02 573.16 572.22 571.29 570.38 569.06 568.28 567.17 565.61 564.68 563.85 562.95 562.11 561.39 560.81 560.42 560.29 559.7 559.29 559.31 558.4 557.61 557.08 556.82 556.81 557.59 558.45 559.01 559.39 559.45 559.17 558.51 557.78 556.95 556.23 555.77 555.37
-9999 -9999 -9999 -9999 -9999 -9999 589 589.58 589.95 590.68 591.06 591.27 590.01 588.8 588.27 587.44 586.94 586.09 585.55 585.36 585.84 586.83 586.54 585.83 584.71 584.19 583.36 581.77 580.65 579.42 578.43 577.51 576.63 576.18 575.44 574.63 573.83 573.22 572.02 570.7 569.47 569 568.4 566.89 565.15 564.07 563.29 562.44 561.83 561.73 561.1 560.58 559.99 559.5 559.11 558.81 558.1 557.68 557.47 557.66 558.2 558.44 558.54 558.37 557.93 557.18 556.88 556.92 557.07 556.93 556.39 555.54
-9999 -9999 -9999 -9999 -9999 -9999 589.69 590.78 591.65 591.75 591.12 591.14 588.84 587.48 586.72 586.65 586.23 585.91 585.46 585.17 585.52 586.31 585.82 584.81 584.26 583.36 582.93 581.58 580.6 579.55 578.68 578 577.55 576.39 575.54 575.04 574.36 573.14 572.02 570.97 570.35 569.76 569.08 567.94 565.91 564.8 563.75 563.22 562.76 562.19 561.87 561.08 560.88 560.37 559.52 559.15 558.78 558.06 557.32 557.03 557.18 557.18 557.21 556.53 555.78 555.26 555.15 555.96 557.04 557.41 557 555.78
-9999 -9999 -9999 -9999 -9999 -9999 590.54 592.18 592.71 592.42 591.33 591.11 588.19 585.73 585.17 585.57 585.83 585.73 585.3 584.67 584.92 584.82 584.51 584.15 583.14 582.28 581.92 581.61 580.44 580.3 579.86 578.78 577.81 577.59 576.49 575.66 574.26 573.3 572.29 571.53 570.87 570.28 568.86 567.82 566.43 565.46 564.46 563.74 563.21 562.91 562.48 561.97 561.69 560.29 560.45 559.85 559.02 558.28 557.73 556.55 556.54 555.83 555.39 554.85 554.7 554.22 553.84 555.07 556.48 557.15 557.05 555.76
-9999 -9999 -9999 -9999 -9999 -9999 591.35 592.78 593.24 593.08 591.42 591.06 588.45 586.09 584.79 584.66 584.88 585 584.86 584.14 583.98 584.11 583.91 583.17 582.21 581.33 581.46 580.78 580.67 581.1 580.66 579.94 579.3 577.95 577.02 574.96 573.41 572.67 571.74 571.13 570.78 570.12 569.27 567.94 566.87 566.06 565.11 564.5 563.87 563.92 563.43 562.62 561.65 558.79 560.57 555.31 553.35 552.74 553.46 552.46 552.43 554.43 554.58 552.36 551.95 552.31 553.01 553.8 555.25 556.13 556.21 555.6
-9999 -9999 -9999 -9999 -9999 -9999 591.52 592.65 593.37 593.5 592.48 590.93 589.41 587.46 585.88 584.27 583.86 584.12 584.17 583.83 583.06 583.33 583.19 582.6 581.68 581.59 581.44 580.85 580.36 580.84 581.04 580.1 578.7 578.22 578.09 577.75 575.61 573.03 571.16 570.02 569.46 569.33 569.56 568.88 567.97 567.35 566.36 565.15 563.2 562.06 559.84 560.76 560.58 557.32 555.38 553.13 554.65 554.65 552.4 551.51 550.48 549.43 550.41 549.03 549.46 548.42 550.36 552.81 554.2 555.19 555.65 555.85
-9999 -9999 -9999 -9999 -9999 -9999 591.05 591.62 592.58 592.59 591.71 590.64 589.09 588.54 586.71 584.65 583 582.98 582.75 582.37 581.95 582.38 582.32 582.35 582 581.36 581.27 580.91 579.67 580.42 580.63 577.64 574.96 574.52 574.88 576.87 574.97 572.09 570.35 568.75 567.47 567.85 568.3 568.55 568.19 567.2 566.63 565.03 561.68 560.45 559.35 558.92 555.92 556.68 553.83 554.66 560.22 560.06 557.98 555.64 556.49 554.14 549.33 548.21 547.93 547.76 548.54 551.35 554.24 554.89 555.57 555.67
-9999 -9999 -9999 -9999 -9999 -9999 589.27 590.18 591.09 591.14 590.69 590.25 588.69 587.57 587.17 584.98 583.41 582.56 582.09 581.66 581.43 581.68 582.44 581.97 581.38 580.52 580.2 579.25 578.08 578.35 580.02 575.46 574.05 572.63 570.1 570.91 570.5 571.97 570.54 568.35 566.26 565.25 566.79 566.94 568.3 568.46 566.2 561.09 558.64 557.63 557.95 559.07 558.24 557.6 555.75 557.05 561.26 560.32 559.77 558.62 557.79 557.05 552.65 553.8 553.83 550.1 547.29 550.44 553.88 554.98 555.41 555.49
-9999 -9999 -9999 -9999 -9999 -9999 587.93 589.16 589.69 589.87 590.13 589.81 589.14 587.54 586.85 584.91 583.72 582.46 581.77 581.57 581.22 581.37 581.56 581.04 580.02 579.19 579.08 578.21 579.46 578.81 576.02 575.55 579.49 579.78 577.11 572.51 568.4 569.98 568 565.13 563.76 563 563.89 563.58 563 562.26 561.31 558.31 559.71 562.24 563.62 563.07 559.15 559.29 560.32 559.41 561.32 560.98 560.53 559.49 558.46 557.72 556.13 554.29 551.97 547.45 546.88 551.93 554.5 555.24 555.37 554.87
