resources/dgm_5.grd
ncols         201
nrows         401
xllcorner     4490660
yllcorner     5320200
cellsize      5
NODATA_value  -9999
[rows 160 to 191 of 401, columns 0 to 71 of 201]
527.11 526.97 526.87 526.92 526.89 526.86 526.82 526.67 526.62 526.65 526.76 526.55 526.63 526.82 526.83 526.86 526.89 526.94 527.01 527.13 527.03 526.81 526.73 526.75 526.69 526.8 526.53 526.58 526.32 526.07 525.85 525.65 525.46 525.24 525.08 524.94 524.84 524.69 524.42 524.42 524.39 523.82 523.65 523.31 523.24 522.98 522.55 522.34 521.82 521.78 521.74 521.39 521.23 521.12 521.17 521.13 520.98 520.97 520.87 520.82 520.7 520.54 520.56 520.4 520.29 520.19 520.09 520.01 520.05 519.9 519.84 519.84
527.06 527.01 526.8 526.71 526.65 526.6 526.55 526.51 526.49 526.49 526.48 526.5 526.53 526.6 526.62 526.68 526.83 526.94 527.03 527.12 526.78 526.77 526.83 526.71 526.7 526.57 526.52 526.45 526.23 526.08 525.89 525.7 525.7 525.63 525.57 525.24 524.87 524.52 524.37 524.48 524.4 523.94 523.39 523.25 523.32 523.06 522.62 522.32 522.09 521.86 521.62 521.41 521.1 521.16 521.15 521.14 521.13 520.97 520.94 520.83 520.66 520.51 520.53 520.44 520.48 520.44 520.32 520.1 519.99 519.89 519.8 519.72
527.24 527.21 526.84 526.76 526.79 526.8 526.75 526.73 526.41 526.47 526.65 526.59 526.68 526.83 527.08 527.11 526.92 526.98 527.08 526.81 526.66 526.74 526.87 526.74 526.63 526.45 526.52 526.55 526.4 526.26 526.14 525.78 525.53 525.53 525.53 525.39 524.99 524.66 524.63 524.78 524.5 523.44 523.18 523.31 523.43 523.16 522.7 521.91 521.81 521.87 521.7 521.43 521.11 521.08 521.08 521.02 521.11 521.06 520.98 520.75 520.7 520.66 520.5 520.34 520.38 520.43 520.46 520.48 520.43 520.27 519.96 519.96
527.21 527.05 526.86 526.76 526.8 526.81 526.72 526.81 526.44 526.68 526.71 526.58 526.64 526.71 527.14 527.19 527.28 527 527.11 526.81 526.73 526.68 526.81 526.75 526.6 526.36 526.5 526.43 526.41 526.26 526.23 525.92 525.7 525.57 525.55 525.49 525.01 524.81 524.81 524.9 524.71 523.16 523.07 523.43 523.43 523.43 522.55 521.77 521.73 521.03 521.78 521.54 521.16 521.03 521.06 521.12 521.01 521.02 521.01 520.97 520.92 520.88 520.69 520.29 520.39 520.43 520.52 520.52 520.47 520.28 520.14 520.07
527.16 527.1 527.01 526.75 526.78 526.78 526.64 526.73 526.47 526.57 526.65 526.72 526.91 527 526.99 527.08 527.05 527.02 527.11 526.83 526.69 526.84 526.69 526.62 526.62 526.36 526.49 526.41 526.61 526.43 526.33 525.86 525.53 525.59 525.58 525.57 524.98 524.87 524.72 524.61 524.3 523.5 522.91 523.33 523.13 522.84 522.14 521.82 521.62 521.48 521.34 521.31 521.08 520.96 520.97 521.08 521.04 521.03 521 520.92 520.86 520.86 520.89 520.32 520.43 520.52 520.69 520.61 520.4 520.37 520.13 520.13
527.33 527.18 526.98 526.81 526.72 526.9 526.87 526.61 526.5 526.69 526.69 526.77 527.03 527.02 527.01 527.36 526.95 527.01 527.05 526.72 526.68 526.78 526.72 526.52 526.41 526.32 526.28 526.32 526.38 526.23 526.6 525.83 525.47 525.46 525.39 525.29 524.85 524.46 524.28 524.07 523.84 523.36 522.67 522.51 522.33 522.07 521.78 521.51 521.4 521.21 521.16 521.18 521.04 520.96 520.9 520.96 521.02 521.01 520.92 520.82 520.52 520.5 520.42 520.33 520.26 520.31 520.49 520.55 520.41 520.08 520.14 520.11
527.51 527.26 527 526.82 527 527.05 526.74 526.49 526.6 526.69 526.82 526.8 526.89 526.88 527.07 526.97 526.87 527.04 526.87 526.59 526.63 526.6 526.55 526.53 526.14 526.25 526.41 526.17 526.16 526.2 526.06 526 525.33 525.3 525.2 524.96 524.71 524.19 523.99 523.57 523.21 522.73 522.38 522.19 521.98 521.76 521.56 521.36 521.22 521.07 520.98 520.98 521.13 520.98 520.9 520.99 520.93 520.89 520.78 520.66 520.52 520.42 520.33 520.21 520.2 520.14 520.09 520.24 520.08 519.83 519.87 519.91
527.33 527.32 527.05 526.95 526.77 526.72 526.76 526.53 526.72 526.83 526.78 526.73 526.87 526.89 526.85 526.75 526.84 526.96 526.8 526.5 526.43 526.42 526.38 526.4 526.02 526.14 526.17 526.31 526.09 525.96 526.02 526.21 525.14 524.98 524.84 524.87 524.29 523.66 523.38 523.03 522.66 522.46 522.3 522.14 521.88 521.61 521.34 521.07 520.91 520.8 520.74 520.76 520.79 520.76 520.7 520.68 520.64 520.47 520.44 520.35 520.41 520.33 520.23 520.2 520.03 520 519.98 519.89 519.76 519.7 519.73 519.62
526.85 526.89 527 526.91 526.86 526.88 526.66 526.53 526.68 526.97 526.92 526.8 526.82 526.9 526.8 526.67 526.87 526.79 526.55 526.47 526.43 526.37 526.35 526.24 525.94 525.89 525.9 525.93 525.76 525.45 525.13 524.9 524.67 524.48 524.42 524.2 523.93 523.66 523.36 523.04 522.72 522.49 522.29 522.07 521.79 521.53 521.26 521.04 520.89 520.8 520.77 520.69 520.66 520.7 520.75 520.66 520.42 520.24 520.14 520.09 520 519.94 519.94 519.88 519.84 519.78 519.72 519.68 519.58 519.49 519.41 519.37
526.65 526.71 526.72 526.76 526.73 526.78 526.58 526.53 526.8 527.17 527.1 526.75 526.9 526.92 526.46 526.62 526.82 526.69 526.55 526.54 526.53 526.34 526.27 525.67 525.83 525.31 525.21 525.22 525.17 525 524.84 524.63 524.43 524.23 524.01 523.76 523.55 523.29 523.08 522.88 522.69 522.49 522.28 522.03 521.78 521.52 521.28 521.07 520.88 520.75 520.76 520.71 520.7 520.83 520.78 520.58 520.41 520.17 520.03 519.91 519.86 519.83 519.79 519.78 519.74 519.73 519.7 519.65 519.59 519.53 519.47 519.4
526.68 526.61 526.68 526.68 526.67 526.62 526.47 526.6 526.51 526.58 526.7 526.71 526.79 526.59 526.4 526.63 526.32 526.07 525.99 525.95 525.97 525.58 525.93 525.53 525.45 525.18 525.16 525.02 524.89 524.75 524.57 524.4 524.18 523.99 523.76 523.51 523.25 523.04 522.8 522.6 522.41 522.28 522.13 521.97 521.82 521.61 521.37 521.11 520.92 520.82 520.74 520.67 520.69 520.76 520.62 520.43 520.25 520.06 519.89 519.82 519.77 519.75 519.73 519.69 519.66 519.63 519.59 519.54 519.5 519.43 519.4 519.31
526.58 526.63 527.11 527.12 526.59 526.54 526.41 526.61 526.48 526.41 526.5 526.55 526.6 526.13 526.32 526.4 525.58 525.15 525.47 525.77 525.96 525.32 525.26 525.33 525 524.97 524.86 524.74 524.62 524.46 524.3 524.14 523.95 523.73 523.52 523.27 523.08 522.81 522.6 522.39 522.22 522.03 521.9 521.75 521.63 521.53 521.37 521.18 520.98 520.86 520.73 520.67 520.69 520.67 520.45 520.26 520.15 520.04 519.92 519.82 519.78 519.72 519.68 519.64 519.62 519.58 519.53 519.46 519.4 519.34 519.28 519.19
526.56 526.55 526.4 526.44 526.42 526.17 526.37 526.62 526.32 526.3 526.45 526.47 526.26 526.05 526.65 526.07 524.97 524.76 524.88 525.65 526.01 525.23 525.07 525.13 524.83 524.73 524.6 524.49 524.37 524.24 524.06 523.92 523.7 523.52 523.33 523.13 522.91 522.66 522.45 522.22 522.04 521.82 521.67 521.52 521.4 521.27 521.14 521.06 520.99 520.89 520.78 520.74 520.66 520.51 520.3 520.18 520.07 519.97 519.86 519.8 519.73 519.68 519.64 519.62 519.58 519.56 519.5 519.47 519.4 519.34 519.25 519.19
526.37 526.37 526.3 526.31 526.36 526.12 526.51 526.43 526.25 526.16 526.29 526.24 525.74 525.95 526.12 525.89 525.16 524.76 524.87 525.75 526.01 525.03 524.83 524.96 524.63 524.52 524.35 524.23 524.11 523.97 523.86 523.71 523.54 523.37 523.2 523.01 522.77 522.55 522.32 522.11 521.86 521.64 521.46 521.3 521.18 521.04 520.91 520.79 520.74 520.7 520.71 520.74 520.63 520.4 520.22 520.11 520.01 519.92 519.82 519.77 519.7 519.64 519.59 519.56 519.55 519.53 519.49 519.44 519.35 519.28 519.2 519.15
526.22 526.23 526.23 526.2 526.01 526.11 526.78 526.43 526.22 526.24 526.21 525.82 525.63 526.25 525.76 525.66 525.16 524.81 524.79 525.31 525.62 524.82 524.81 524.86 524.4 524.29 524.09 523.96 523.86 523.76 523.62 523.49 523.34 523.2 523.04 522.87 522.68 522.44 522.2 521.96 521.73 521.5 521.29 521.13 520.98 520.84 520.73 520.64 520.54 520.49 520.48 520.5 520.52 520.35 520.18 520.04 519.91 519.83 519.77 519.71 519.67 519.6 519.56 519.54 519.51 519.47 519.43 519.39 519.31 519.26 519.17 519.13
525.78 525.79 525.82 525.86 525.94 526.38 526.56 526.35 526.27 526.2 526.1 525.34 525.49 525.38 525.33 525.26 525.1 524.87 524.67 524.5 524.31 524.27 524.2 524.16 524.13 524.07 523.86 523.72 523.61 523.5 523.37 523.25 523.14 522.99 522.85 522.67 522.5 522.28 522.04 521.81 521.57 521.36 521.15 520.96 520.82 520.68 520.56 520.45 520.37 520.3 520.27 520.27 520.25 520.21 520.09 519.94 519.84 519.78 519.72 519.65 519.61 519.58 519.55 519.51 519.48 519.44 519.38 519.3 519.25 519.2 519.15 519.12
525.86 525.95 525.89 525.93 525.98 526.04 526.11 526.01 525.91 526.04 525.39 525.15 525.33 525.3 525.16 524.9 524.77 524.58 524.37 524.28 524.13 524 523.95 523.91 523.86 523.69 523.55 523.44 523.33 523.23 523.11 523 522.91 522.77 522.64 522.49 522.31 522.1 521.9 521.67 521.44 521.22 521 520.8 520.67 520.55 520.42 520.29 520.18 520.12 520.08 520.09 520.08 520.07 519.96 519.85 519.78 519.72 519.68 519.63 519.59 519.56 519.53 519.49 519.45 519.4 519.34 519.28 519.22 519.17 519.12 519.12
526.03 525.94 525.8 525.75 525.68 525.85 525.94 525.91 525.67 525.15 525.02 524.97 525.03 525.08 524.9 524.62 524.41 524.24 524.07 523.94 523.83 523.74 523.62 523.57 523.46 523.36 523.27 523.19 523.1 522.98 522.87 522.75 522.64 522.56 522.45 522.29 522.12 521.91 521.73 521.49 521.27 521.03 520.83 520.67 520.55 520.43 520.3 520.2 520.11 520.02 519.98 519.95 519.92 519.89 519.81 519.76 519.7 519.66 519.64 519.61 519.57 519.53 519.48 519.44 519.4 519.37 519.3 519.24 519.19 519.15 519.15 519.14
526.56 526.12 525.76 525.61 525.57 525.94 525.91 525.93 525.87 525.27 524.53 524.73 524.79 524.71 524.54 524.27 524.07 523.88 523.72 523.58 523.47 523.4 523.32 523.24 523.15 523.08 523.02 522.94 522.86 522.76 522.63 522.54 522.44 522.34 522.21 522.09 521.91 521.73 521.52 521.3 521.12 520.88 520.69 520.54 520.41 520.3 520.21 520.11 520.04 519.96 519.9 519.84 519.78 519.72 519.67 519.62 519.58 519.58 519.57 519.56 519.54 519.49 519.45 519.4 519.38 519.34 519.27 519.24 519.19 519.17 519.16 519.15
525.98 525.93 525.71 525.49 525.27 525.93 525.88 525.92 525.72 524.71 524.31 524.47 524.51 524.37 524.14 523.94 523.74 523.57 523.4 523.29 523.19 523.11 523.03 522.98 522.88 522.82 522.74 522.67 522.59 522.49 522.4 522.3 522.2 522.12 522.02 521.91 521.74 521.53 521.34 521.15 520.94 520.74 520.55 520.4 520.27 520.21 520.13 520.03 519.95 519.88 519.84 519.75 519.68 519.62 519.55 519.53 519.52 519.52 519.54 519.52 519.49 519.47 519.42 519.39 519.34 519.29 519.24 519.22 519.19 519.19 519.16 519.15
524.31 524.83 525.49 525.23 525.4 526.02 526.06 525.92 525.33 524.2 524.06 524.14 524.22 524.07 523.83 523.63 523.47 523.29 523.14 523.03 522.96 522.9 522.8 522.73 522.66 522.59 522.51 522.44 522.37 522.28 522.19 522.09 522.01 521.92 521.83 521.7 521.54 521.35 521.14 520.94 520.74 520.58 520.42 520.29 520.18 520.11 520.04 519.95 519.88 519.83 519.76 519.68 519.6 519.5 519.45 519.43 519.44 519.45 519.48 519.48 519.47 519.43 519.39 519.37 519.32 519.28 519.26 519.24 519.25 519.19 519.14 519.15
524.25 524.31 524.4 524.46 524.81 525.15 526.01 526.09 525.06 523.81 523.82 524 523.97 523.81 523.53 523.33 523.17 523.01 522.87 522.76 522.7 522.65 522.58 522.52 522.43 522.35 522.28 522.2 522.13 522.03 521.95 521.87 521.82 521.72 521.64 521.52 521.36 521.17 520.96 520.78 520.58 520.44 520.29 520.19 520.08 520.02 519.94 519.88 519.82 519.77 519.71 519.63 519.53 519.43 519.38 519.34 519.36 519.37 519.42 519.42 519.41 519.41 519.38 519.33 519.31 519.27 519.26 519.24 519.21 519.16 519.09 519.18
524.16 524.17 524.19 524.24 524.63 524.68 524.56 524.33 523.85 523.39 523.54 523.78 523.71 523.49 523.24 523.07 522.88 522.76 522.64 522.53 522.46 522.39 522.34 522.27 522.2 522.14 522.05 521.98 521.9 521.81 521.73 521.67 521.61 521.53 521.45 521.35 521.2 521.01 520.81 520.6 520.41 520.3 520.19 520.1 520.01 519.95 519.9 519.82 519.76 519.71 519.66 519.58 519.49 519.39 519.32 519.29 519.28 519.31 519.34 519.38 519.37 519.37 519.36 519.36 519.3 519.31 519.28 519.24 519.16 519.13 519.09 519.04
524.05 524.07 524.11 524.23 524.44 524.43 524.3 524.19 523.91 523.21 523.33 523.54 523.42 523.18 522.96 522.78 522.61 522.49 522.38 522.31 522.24 522.2 522.13 522.06 521.98 521.9 521.82 521.74 521.67 521.6 521.54 521.5 521.44 521.36 521.28 521.16 521 520.85 520.65 520.48 520.3 520.17 520.09 519.99 519.92 519.87 519.82 519.74 519.7 519.64 519.59 519.5 519.44 519.33 519.27 519.21 519.2 519.23 519.29 519.33 519.36 519.37 519.36 519.35 519.33 519.33 519.26 519.17 519.1 519.1 519.01 518.86
523.79 523.9 523.95 524.02 524.15 524.14 524.11 524.01 523.5 523.03 523.2 523.31 523.12 522.89 522.67 522.49 522.36 522.25 522.14 522.05 522.02 521.97 521.91 521.83 521.76 521.7 521.64 521.56 521.48 521.43 521.35 521.3 521.24 521.17 521.12 521.02 520.9 520.73 520.52 520.34 520.19 520.08 519.97 519.92 519.86 519.82 519.76 519.71 519.65 519.6 519.52 519.43 519.37 519.29 519.23 519.21 519.19 519.19 519.22 519.28 519.3 519.33 519.37 519.37 519.33 519.26 519.15 519.09 519.11 519.09 518.95 518.88
523.48 523.59 523.7 523.83 523.94 524 523.94 523.9 523.13 522.86 522.87 523.01 522.82 522.6 522.39 522.22 522.08 521.97 521.9 521.84 521.77 521.72 521.67 521.61 521.54 521.47 521.42 521.36 521.29 521.23 521.16 521.11 521.07 521.01 520.95 520.88 520.75 520.6 520.39 520.2 520.07 519.95 519.87 519.83 519.79 519.74 519.7 519.66 519.61 519.55 519.44 519.37 519.31 519.23 519.19 519.17 519.14 519.16 519.19 519.23 519.27 519.31 519.36 519.34 519.25 519.14 519.08 519.05 519 518.93 518.87 518.79
522.24 522.49 523.43 523.52 523.71 523.78 523.78 523.81 522.95 522.73 522.56 522.73 522.53 522.28 522.1 521.96 521.83 521.72 521.63 521.59 521.56 521.51 521.46 521.4 521.34 521.28 521.22 521.16 521.12 521.06 521 520.94 520.9 520.85 520.78 520.7 520.59 520.45 520.28 520.13 519.97 519.84 519.8 519.75 519.7 519.67 519.66 519.61 519.55 519.5 519.4 519.29 519.23 519.16 519.12 519.1 519.12 519.14 519.17 519.19 519.21 519.32 519.34 519.25 519.17 519.04 518.95 518.86 518.87 518.85 518.81 518.75
522.31 522.29 522.3 522.31 522.38 522.69 523.44 523.62 522.7 522.61 522.33 522.45 522.24 521.97 521.82 521.69 521.58 521.49 521.41 521.36 521.31 521.29 521.23 521.18 521.14 521.09 521.04 520.99 520.94 520.89 520.81 520.78 520.74 520.68 520.63 520.55 520.44 520.31 520.17 520 519.87 519.77 519.72 519.67 519.62 519.6 519.6 519.57 519.52 519.45 519.31 519.21 519.13 519.1 519.07 519.06 519.07 519.11 519.14 519.16 519.25 519.26 519.2 519.08 519.06 518.86 518.86 518.84 518.78 518.8 518.72 518.64
522.33 522.28 522.47 522.58 522.45 522.44 522.47 522.51 522.53 522.49 522.07 522.15 521.9 521.68 521.55 521.43 521.32 521.25 521.18 521.14 521.07 521.04 521.01 520.98 520.93 520.88 520.83 520.77 520.73 520.69 520.66 520.6 520.56 520.52 520.47 520.39 520.3 520.17 520.05 519.93 519.8 519.73 519.66 519.62 519.6 519.56 519.55 519.53 519.45 519.39 519.25 519.14 519.1 519.05 519.05 519.05 519.08 519.07 519.1 519.16 519.19 519.15 519.02 519.07 519 518.73 518.67 518.74 518.67 518.66 518.7 518.64
522.2 522.41 522.37 522.55 522.65 522.62 522.58 522.51 522.4 522.33 521.87 521.86 521.67 521.43 521.29 521.18 521.08 521.02 520.95 520.89 520.85 520.83 520.79 520.76 520.73 520.68 520.64 520.61 520.58 520.53 520.5 520.47 520.42 520.38 520.32 520.27 520.17 520.05 519.95 519.83 519.74 519.65 519.6 519.58 519.56 519.53 519.52 519.46 519.41 519.33 519.21 519.09 519.02 518.98 518.98 519 519.04 519.07 519.13 519.14 519.09 518.99 519.04 519.04 518.95 518.76 518.64 518.63 518.63 518.61 518.64 518.66
522.15 522.24 522.23 522.41 522.44 522.46 522.41 522.33 522.26 522.17 521.63 521.59 521.44 521.18 521.05 520.95 520.87 520.79 520.73 520.67 520.63 520.61 520.59 520.55 520.54 520.49 520.48 520.45 520.41 520.38 520.34 520.29 520.24 520.23 520.19 520.14 520.03 519.95 519.84 519.73 519.67 519.58 519.53 519.52 519.51 519.52 519.46 519.43 519.39 519.28 519.18 519.05 518.97 518.92 518.94 518.94 518.98 519.03 519.05 519.04 518.97 518.95 518.84 519.05 518.96 518.64 518.66 518.58 518.61 518.55 518.57 518.57
522.1 522.11 521.92 522.1 522.14 522.08 522.2 522.11 522.11 522.08 521.26 521.38 521.21 521 520.84 520.76 520.69 520.62 520.56 520.5 520.46 520.42 520.4 520.38 520.37 520.34 520.33 520.31 520.27 520.23 520.18 520.17 520.12 520.11 520.07 520.03 519.95 519.85 519.73 519.66 519.56 519.49 519.45 519.45 519.43 519.43 519.43 519.38 519.36 519.24 519.16 519.05 518.97 518.9 518.91 518.92 518.98 519.01 519.01 518.95 518.96 518.83 518.83 518.78 518.71 518.71 518.64 518.54 518.52 518.55 518.53 518.62
