resources/dgm_5.grd
ncols         201
nrows         401
xllcorner     4490660
yllcorner     5320200
cellsize      5
NODATA_value  -9999
[rows 32 to 63 of 401, columns 0 to 71 of 201]
549.72 549.64 549.43 549.27 549.19 549.03 549.09 549.04 548.76 548.59 548.51 548.5 548.53 548.49 548.44 548.29 548.27 548.23 548.17 548.1 548.01 547.99 547.91 547.79 547.77 547.85 547.82 547.71 547.78 547.72 547.91 548.04 548.15 548.31 548.52 548.18 547.92 547.4 546.79 546.31 545.9 545.66 545.5 545.32 545.06 544.67 544.27 543.41 543.58 543.45 543.26 543.12 542.98 542.89 542.69 542.66 542.53 542.44 542.38 542.43 542.35 542.5 542.83 542.93 542.87 542.81 542.78 542.73 542.76 542.86 542.97 543.07
549.63 549.66 549.6 549.01 548.93 548.77 548.8 548.7 548.61 548.53 548.46 548.33 548.24 548.22 548.21 548.09 548.01 548 548.02 547.88 547.76 547.69 547.56 547.48 547.47 547.56 547.56 547.49 547.56 547.57 547.61 547.75 547.84 548.02 548.32 548.14 547.68 547.08 546.51 546.06 545.68 545.43 545.26 545.1 544.94 544.58 544.12 543.92 543.77 543.59 543.41 543.31 543.17 543.01 542.81 542.71 542.69 542.68 542.72 542.7 542.95 543.22 543.23 543.22 543.17 543.18 543.21 543.31 543.46 543.56 543.65 543.72
549.49 549.63 549.41 548.83 548.72 548.6 548.6 548.48 548.4 548.32 548.26 548.13 548.07 548.03 547.99 547.91 547.89 547.83 547.31 547.7 547.58 547.45 547.39 547.37 547.35 547.34 547.33 547.31 547.35 547.5 547.45 547.45 547.56 547.87 548.21 547.95 547.37 546.83 546.36 545.94 545.62 545.43 545.2 545.05 544.82 544.54 544.24 544.03 543.85 543.66 543.53 543.39 543.22 543.11 542.98 542.86 542.92 542.96 543.07 543.29 543.49 543.52 543.52 543.57 543.6 543.74 543.85 543.95 544.06 544.12 544.22 544.28
549.11 549.16 548.99 548.74 548.56 548.43 548.39 548.29 548.22 548.13 548.07 547.95 547.88 547.83 547.83 547.74 547.72 547.68 547.58 547.27 547.41 547.31 547.26 547.23 547.23 547.14 547.21 547.22 547.2 547.28 547.19 547.1 547.25 547.54 548.09 547.82 547.29 546.67 546.2 545.88 545.65 545.44 545.33 545.16 544.93 544.62 544.25 544.08 543.94 543.79 543.6 543.47 543.34 543.21 543.18 543.06 543.2 543.36 543.64 543.75 543.78 543.82 543.94 544.06 544.18 544.3 544.4 544.5 544.6 544.7 544.75 544.82
549.25 549.23 548.79 548.7 548.45 548.26 548.18 548.1 548.05 547.93 547.87 547.77 547.7 547.65 547.63 547.53 547.46 547.41 547.42 547.35 547.31 547.04 547.09 547 546.87 546.85 546.8 546.71 546.75 546.77 546.77 546.83 546.97 547.2 547.97 547.75 547.11 546.57 546.2 545.89 545.67 545.53 545.45 545.18 544.93 544.61 544.31 544.14 543.99 543.84 543.7 543.6 543.5 543.45 543.43 543.43 543.67 543.92 543.97 544.02 544.14 544.31 544.5 544.61 544.71 544.84 544.96 545.07 545.14 545.23 545.28 545.37
549.31 549.24 548.78 548.51 548.26 548.16 547.99 547.91 547.88 547.75 547.68 547.61 547.53 547.48 547.48 547.37 547.28 547.18 547.17 547.12 547.01 547.37 546.63 546.81 546.73 546.64 546.6 546.51 546.5 546.53 546.52 546.56 546.71 546.91 547.52 547.71 547.11 546.63 546.23 545.96 545.75 545.5 545.35 545.19 544.93 544.69 544.4 544.23 544.11 543.94 543.83 543.73 543.69 543.68 543.77 543.93 544.18 544.24 544.32 544.5 544.69 544.84 545.02 545.18 545.26 545.39 545.47 545.57 545.68 545.76 545.79 546.06
549.12 548.96 548.53 548.32 548.03 547.94 547.83 547.72 547.69 547.57 547.51 547.45 547.33 547.26 547.24 547.13 547.01 546.96 546.92 546.86 546.74 546.61 546.64 546.04 546.46 546.52 546.44 546.36 546.27 546.19 546.21 546.33 546.45 546.66 547.11 547.63 547.16 546.69 546.33 545.96 545.68 545.52 545.37 545.16 544.93 544.76 544.47 544.35 544.21 544.08 544 543.94 543.93 544.05 544.12 544.25 544.48 544.65 544.83 545 545.22 545.42 545.57 545.68 545.79 545.88 545.99 546.08 546.13 546.61 546.8 546.89
549.05 549.01 548.38 548.06 547.88 547.79 547.52 547.55 547.48 547.41 547.37 547.3 547.16 547.06 547.03 546.98 546.87 546.81 546.68 546.6 546.52 546.37 546.33 546.31 546.37 546.31 546.28 546.22 546.08 545.99 546.07 546.16 546.23 546.41 546.78 547.58 547.26 546.74 546.25 545.95 545.72 545.54 545.36 545.19 545 544.81 544.61 544.48 544.36 544.27 544.17 544.22 544.3 544.29 544.46 544.68 544.99 545.19 545.37 545.59 545.77 545.93 546.04 546.19 546.3 546.39 546.45 546.98 547.11 547.11 547.17 547.13
549.1 549.09 548.07 547.77 547.6 547.44 547.29 547.3 547.23 547.23 547.19 547.13 547 546.91 546.85 546.83 546.75 546.62 546.51 546.44 546.39 546.32 546.23 546.17 546.32 546.14 546.03 546.04 545.96 545.89 545.95 546 546.04 546.18 546.48 547.16 547.28 546.7 546.28 545.98 545.77 545.59 545.41 545.21 545.04 544.9 544.75 544.61 544.51 544.41 544.51 544.51 544.55 544.76 544.95 545.29 545.49 545.71 545.89 546.04 546.23 546.41 546.55 546.61 546.76 547.16 547.22 547.22 547.21 547.23 547.24 547.24
547.74 548.24 547.62 547.43 547.32 547.19 546.99 547.08 546.96 546.98 546.99 546.92 546.79 546.7 546.65 546.62 546.57 546.46 546.35 546.3 546.26 546.2 546.15 546.07 546.34 546.01 546.08 545.66 545.9 545.86 545.86 545.88 545.9 545.99 546.23 546.53 547.28 546.79 546.3 546.06 545.82 545.57 545.41 545.25 545.11 545.03 544.87 544.76 544.67 544.72 544.74 544.86 545.01 545.25 545.49 545.69 545.87 546.08 546.27 546.49 546.64 546.76 546.88 546.9 547.07 547.12 547.09 547.12 547.14 547.09 547.2 547.19
547.54 547.53 547.37 547.11 546.89 546.82 546.71 546.71 546.69 546.75 546.71 546.64 546.53 546.48 546.41 546.4 546.38 546.27 546.22 546.2 546.15 546.1 546.04 545.96 545.5 545.89 545.88 545.87 545.62 545.81 545.81 545.81 545.83 545.88 546.01 546.23 547.11 547.02 546.45 546.13 545.86 545.66 545.48 545.34 545.26 545.17 545.07 545.02 544.94 544.95 545.08 545.25 545.47 545.61 545.78 545.96 546.18 546.46 546.62 546.74 546.83 546.64 546.76 546.84 546.87 546.85 546.92 546.83 546.84 546.85 546.93 547
546.7 546.87 546.84 546.8 546.55 546.41 546.41 546.4 546.39 546.46 546.41 546.38 546.28 546.17 546.16 546.15 546.13 546.07 546 545.97 545.91 545.85 545.77 545.73 545.7 545.75 545.81 545.8 545.84 545.87 545.77 545.82 545.84 545.87 545.94 546.05 546.42 547.05 546.85 546.27 545.94 545.74 545.58 545.43 545.36 545.38 545.33 545.26 545.23 545.31 545.45 545.59 545.7 545.84 546.04 546.29 546.52 546.65 546.75 546.61 546.73 546.7 546.68 546.66 546.68 546.69 546.65 546.62 546.6 546.51 546.55 546.64
546.08 546.22 546.43 546.23 546.16 546.07 546.02 546.03 546.11 546.15 546.13 546.15 546.1 546.02 545.97 545.91 545.85 545.79 545.75 545.67 545.68 545.66 545.63 545.69 545.8 545.64 545.69 545.77 545.81 545.84 545.89 545.85 545.86 545.93 545.93 546.06 546.39 546.71 546.83 546.49 546.08 545.86 545.66 545.55 545.51 545.53 545.5 545.49 545.54 545.59 545.66 545.75 545.9 546.1 546.3 546.53 546.7 546.66 546.71 546.72 546.66 546.61 546.65 546.54 546.49 546.53 546.48 546.41 546.38 546.32 546.23 546.23
545.45 545.54 545.73 545.7 545.71 545.79 545.79 545.73 545.86 545.97 545.97 545.98 545.93 545.88 545.84 545.8 545.62 545.49 545.52 545.54 545.51 545.49 545.44 545.38 545.54 545.64 545.69 545.75 545.84 545.9 545.98 546.05 546.07 546.18 546.04 546.1 546.14 546.41 546.74 546.68 546.36 546.02 545.86 545.75 545.66 545.66 545.77 545.76 545.74 545.74 545.82 545.98 546.12 546.31 546.59 546.83 546.9 546.82 546.72 546.64 546.66 546.61 546.57 546.46 546.41 546.38 546.34 546.29 546.2 546.06 545.96 545.85
544.77 544.92 545.08 545.18 545.21 545.39 545.48 545.53 545.66 545.56 545.44 545.35 545.26 545.17 545.3 545.4 545.41 545.35 545.33 545.41 545.48 545.61 545.63 545.6 545.67 545.79 545.95 546.03 545.98 545.84 545.89 545.93 545.96 546.43 546.05 546.06 546.74 546.27 546.31 546.6 546.54 546.32 546.09 545.9 545.79 545.83 545.91 545.89 545.85 545.91 546.03 546.17 546.35 546.61 546.88 546.94 546.85 546.75 546.71 546.64 546.66 546.63 546.59 546.48 546.37 546.29 546.22 546.12 546 545.84 545.61 545.4
544.05 544.23 544.46 544.67 544.73 544.93 545.2 545.44 545.56 545.55 545.55 545.51 545.46 545.24 545.28 545.38 545.48 545.32 545.32 545.46 545.56 545.46 545.2 545.07 545.27 545.57 545.7 545.83 545.86 545.76 545.93 545.94 545.95 546.03 546.01 546.72 546.3 546.3 546.12 546.41 546.62 546.42 546.29 546.03 545.91 545.89 545.93 546.03 546.02 546.06 546.21 546.34 546.59 546.71 546.81 546.86 546.89 546.85 546.78 546.77 546.73 546.72 546.65 546.55 546.38 546.17 546.05 545.87 545.67 545.43 545.18 544.88
543.47 543.66 543.93 544.14 544.23 544.42 544.6 544.62 544.63 544.6 544.55 544.42 544.37 543.76 543.67 544.59 544.97 545.09 544.91 545.03 544.8 544.71 544.57 544.69 545.01 545.1 545.42 545.75 545.77 545.89 546 545.97 545.88 546.09 545.87 545.83 545.84 545.89 546.1 546.35 546.6 546.46 546.33 546.17 545.96 545.9 545.89 546.11 546.17 546.24 546.33 546.39 546.46 546.55 546.71 546.83 546.91 546.88 546.85 546.86 546.81 546.75 546.65 546.44 546.24 545.97 545.73 545.49 545.23 544.95 544.63 544.32
542.74 542.94 543.18 543.45 543.68 543.8 543.82 543.69 543.1 542.99 543 542.77 542.91 542.55 542.84 543.21 543.41 543.75 544.69 544.41 543.88 543.89 543.87 544.45 544.68 544.95 545.12 545.48 545.72 545.86 546.13 546.05 545.8 545.94 545.74 545.7 545.72 545.78 545.9 545.96 546.02 546.04 546.1 546.21 546.1 545.91 545.94 546.05 546.19 546.25 546.28 546.25 546.38 546.47 546.64 546.78 546.85 546.85 546.82 546.83 546.71 546.58 546.4 546.17 545.92 545.57 545.32 545.02 544.7 544.39 544.07 543.74
541.95 542.08 542.34 541.87 541.79 542.72 543.07 542.59 542.39 542.44 542.28 542.53 542.58 542.33 542.42 542.53 542.46 542.53 543.11 543.23 543.05 543.26 543.46 543.55 544.02 544.44 544.71 545.25 545.71 545.69 546.47 545.99 545.56 545.65 545.62 545.59 545.63 545.7 545.72 545.78 545.82 545.85 545.9 545.95 546.06 546.02 545.96 546.05 546.07 546.12 546.16 546.19 546.3 546.44 546.56 546.66 546.73 546.74 546.69 546.62 546.44 546.28 546.04 545.74 545.45 545.14 544.8 544.48 544.17 543.84 543.52 543.22
540.97 541.14 541.42 541.34 540.55 540.88 541.44 542.04 541.94 541.73 541.3 541.81 542.17 541.94 542.01 542.14 542.15 542.19 542.21 542.39 542.63 542.72 542.73 542.78 543.3 543.7 543.93 544.3 544.84 545.21 545.48 545.44 545.27 545.23 545.28 545.31 545.39 545.46 545.51 545.55 545.6 545.61 545.68 545.72 545.78 545.92 545.88 545.82 545.97 545.97 546.07 546.15 546.24 546.36 546.45 546.52 546.53 546.51 546.43 546.32 546.11 545.89 545.62 545.3 544.97 544.63 544.27 543.95 543.6 543.29 543 542.76
540.08 540.14 540.42 539.6 539.84 540.11 540.35 540.7 540.76 540.46 540.49 540.55 541.52 541.56 541.68 541.83 541.89 541.89 541.85 541.85 541.81 541.74 541.88 541.97 542.56 543.03 543.35 543.68 543.73 544.53 544.93 544.98 545.15 544.75 545.05 545.11 545.22 545.27 545.3 545.37 545.41 545.44 545.48 545.53 545.54 545.64 545.74 545.69 545.69 545.88 546.01 546.07 546.15 546.21 546.26 546.31 546.28 546.25 546.16 545.99 545.75 545.45 545.16 544.79 544.48 544.09 543.77 543.44 543.13 542.82 542.55 542.32
539.27 539.34 539.8 539.36 539.4 539.43 539.53 540.06 540.12 539.77 539.73 539.66 540.52 539.31 539.94 541.09 541.54 541.34 541.14 541.16 541.22 541.21 541.42 541.47 541.79 542.15 542.62 542.7 543.18 543.14 543.66 544.06 543.89 544.57 544.62 544.71 544.93 545.07 545.16 545.23 545.29 545.34 545.39 545.4 545.44 545.47 545.61 545.49 545.51 545.69 545.87 545.96 545.96 546 546.04 546.04 546.01 545.96 545.84 545.65 545.33 545 544.68 544.33 543.98 543.62 543.27 542.98 542.63 542.34 542.1 541.84
538.46 538.47 539.09 539.08 539.02 538.82 538.56 539.36 538.97 539.09 539.1 538.88 539.13 539.37 539.5 539.71 539.84 540.32 540.33 540.45 540.5 540.55 540.65 540.56 541.77 541.53 541.42 541.63 542.18 542.47 542.66 542.87 543.18 543.76 544.15 544.16 544.31 544.54 544.68 544.87 544.99 545.05 545.13 545.18 545.18 545.24 545.34 545.33 545.28 545.38 545.63 545.75 545.8 545.81 545.79 545.8 545.75 545.63 545.52 545.25 544.91 544.57 544.22 543.85 543.54 543.18 542.82 542.52 542.21 541.92 541.62 541.45
537.55 537.7 537.93 537.59 537.76 537.93 537.99 538.19 538.31 538.43 538.56 538.73 538.99 539.04 539.18 539.28 539.42 539.64 539.92 539.98 540.04 540.04 540.15 540.28 540.51 540.61 540.55 540.71 541.29 541.86 542.45 542.91 542.93 542.69 543.06 543.45 543.59 543.74 543.91 544.15 544.26 544.39 544.54 544.65 544.68 544.74 544.86 544.88 544.9 545.03 545.28 545.51 545.6 545.58 545.56 545.53 545.46 545.35 545.16 544.89 544.5 544.16 543.8 543.43 543.09 542.72 542.39 542.1 541.79 541.47 541.25 541.05
536.61 536.72 537.02 537.66 537.88 537.99 538.1 538.2 538.52 538.4 538.65 538.85 538.97 539.05 538.96 539.11 539.12 539.52 539.66 539.57 539.52 539.79 539.7 539.4 539.46 539.72 539.73 540.06 540.37 540.85 540.47 541.22 541.48 541.77 541.94 542.43 542.93 543.18 543.39 543.59 543.77 543.88 544.02 544.19 544.28 544.35 544.53 544.67 544.61 544.38 544.71 545.18 545.37 545.37 545.29 545.25 545.17 545.01 544.8 544.52 544.14 543.77 543.38 543 542.63 542.3 541.99 541.66 541.37 541.06 540.83 540.66
535.78 536.04 536.85 537.18 537.18 537.34 537.78 537.9 538.46 538.4 538.37 537.84 538.41 538.57 538.22 538.52 538.41 539.15 539.39 538.74 538.49 538.48 538.91 539.22 539.33 539.46 539.21 539.83 540.02 540.04 540.08 540.45 540.55 540.94 541.12 541.44 541.94 542.44 542.79 543.08 543.27 543.39 543.52 543.7 543.79 543.92 544.09 544.28 544.4 543.96 543.95 544.65 545.08 545.12 545.05 544.97 544.86 544.73 544.46 544.12 543.73 543.33 542.97 542.57 542.23 541.9 541.6 541.27 540.99 540.72 540.5 540.27
534.93 535.24 535.71 536.01 536.17 536.36 536.5 536.69 537.29 537.56 536.74 536.68 536.83 536.91 537.09 537.26 537.49 538.13 538.16 537.89 537.36 537.36 537.88 538.84 538.94 538.97 539.02 539.5 539.52 539.77 539.77 539.73 539.94 540.16 540.4 540.52 540.89 541.62 542.05 542.49 542.72 542.86 542.99 543.17 543.28 543.37 543.62 543.79 543.97 543.83 543.3 543.38 544.72 544.82 544.79 544.66 544.57 544.39 544.11 543.73 543.32 542.92 542.53 542.17 541.83 541.53 541.21 540.9 540.61 540.35 540.13 539.89
534.11 534.38 534.57 535.36 535.42 535.49 535.55 535.64 536.41 536.46 536.27 536.2 536.49 536.57 536.6 536.64 536.72 537.7 538.07 537.68 537.37 537.22 537.39 537.61 537.89 538.07 538.11 538.31 538.5 539.47 539.16 539.02 539.19 539.37 539.66 539.88 540.07 540.78 541.32 541.8 542.1 542.23 542.37 542.59 542.7 542.81 543.04 543.23 543.48 543.47 542.92 542.91 543.34 544.51 544.49 544.39 544.23 544.01 543.66 543.34 542.92 542.53 542.15 541.76 541.44 541.13 540.83 540.55 540.27 539.97 539.82 539.53
533.41 533.55 533.94 534.01 534.3 534.5 534.8 535.04 535.23 535.36 535.54 535.65 536.03 536.28 536.26 536.46 536.54 537.19 537.2 537 536.82 536.79 537.06 536.76 536.97 536.31 535.97 536.1 536.33 536.94 537.77 538.55 538.61 538.72 539.09 539.28 539.47 539.88 540.52 541.08 541.43 541.57 541.75 541.97 542.1 542.23 542.46 542.65 542.88 543.04 542.9 542.26 542.31 543.32 544.05 544.06 543.87 543.65 543.3 542.92 542.52 542.11 541.73 541.37 541.08 540.75 540.46 540.19 539.88 539.66 539.48 539.16
532.75 532.91 532.99 532.95 533.05 533.73 534.09 534.49 534.7 534.9 535 535.12 535.28 535.53 535.68 535.83 535.94 536.3 536.46 536.45 536.31 536.24 536.43 536.13 536.25 536.05 536.02 536.04 535.99 535.93 537.43 537.77 537.89 538.06 538.45 538.68 538.69 539 539.54 540.29 540.7 540.88 541.08 541.33 541.49 541.63 541.84 542.03 542.24 542.48 542.57 541.83 541.6 541.82 543.33 543.57 543.46 543.22 542.87 542.5 542.09 541.71 541.35 541 540.71 540.4 540.09 539.84 539.57 539.33 539.13 538.8
532.01 532.4 532.69 532.68 532.67 532.68 533.56 533.85 534.14 534.33 534.4 534.59 534.74 534.87 535.34 535.3 535.27 535.43 535.5 535.56 535.58 535.67 535.89 535.83 535.76 536 536.02 535.95 535.95 535.85 537.16 537.12 537.36 537.51 537.74 538.15 538.1 538.36 538.66 539.42 539.94 540.14 540.37 540.61 540.78 540.97 541.16 541.49 541.69 541.88 542.11 541.93 541.19 541.04 541.87 543 542.98 542.77 542.45 542.06 541.69 541.29 540.91 540.6 540.29 540.03 539.73 539.48 539.23 539.01 538.79 538.41
531.26 531.95 530.61 531.75 532.21 532.36 532.88 533.05 533.08 533.53 533.79 533.86 534.13 534.36 534.58 534.84 534.97 534.91 534.95 535 535.01 535.15 535.36 535.38 535.56 535.72 535.89 535.95 535.91 535.84 536.55 536.54 536.85 537.07 537.11 537.45 537.64 537.83 538.01 538.59 539.17 539.4 539.65 539.9 540.1 540.29 540.47 540.91 541.06 541.32 541.57 541.77 540.76 540.51 540.79 541.51 542.45 542.32 541.97 541.6 541.19 540.84 540.53 540.22 539.95 539.64 539.38 539.13 538.88 538.73 538.45 538.08
