resources/dgm_2.grd
ncols         501
nrows         1001
xllcorner     4490660
yllcorner     5320200
cellsize      2
NODATA_value  -9999
[rows 512 to 543 of 1001, columns 144 to 215 of 501]
518.29 518.32 518.33 518.24 518.19 518.22 518.2 518.28 518.25 518.27 518.23 518.31 518.37 518.47 518.28 518.2 518.22 518.23 518.29 518.26 518.19 518.13 518.09 518.07 518.09 518.1 518.06 518.03 518.04 518.01 518.11 517.97 517.98 518.02 518.07 518 517.97 517.99 517.93 517.93 517.99 518.1 518.11 518.06 517.9 518.04 519 519.2 519.1 519.2 518.33 517.88 517.87 517.81 517.75 517.82 517.8 517.84 517.88 517.8 517.41 517.2 517.51 517.81 517.81 517.78 517.72 517.68 517.62 517.61 517.6 517.62
518.3 518.24 518.28 518.26 518.16 518.17 518.23 518.16 518.23 518.3 518.28 518.3 518.39 518.28 518.21 518.22 518.24 518.46 518.65 518.4 518.22 518.1 518.03 518.01 518.08 518.14 518.11 518.05 518.06 518.02 518.08 518.04 518.16 518.21 518.06 518.06 518.02 517.98 517.93 517.93 518.01 518.06 518.06 518.09 518.06 518.56 519.3 519.11 519.2 518.58 517.95 517.86 517.86 517.84 517.79 517.78 517.84 517.68 517.42 517.34 517.37 517.86 518 517.83 517.79 517.78 517.72 517.69 517.64 517.67 517.67 517.66
518.28 518.27 518.24 518.24 518.2 518.23 518.18 518.22 518.24 518.3 518.33 518.27 518.22 518.21 518.21 518.29 518.29 518.47 518.72 518.35 518.19 518.11 518.1 518.06 518.14 518.07 518.02 518.05 518.05 518.03 518.04 518.08 518.1 518.13 518.01 518.03 518.03 518.02 517.98 517.99 518.03 518.08 518.07 518.13 518.39 519.16 519.16 519.11 518.95 517.98 517.85 517.86 517.83 517.8 517.83 517.71 517.38 517.29 517.42 517.73 517.98 517.94 517.83 517.74 517.76 517.8 517.81 517.84 517.76 517.73 517.69 517.7
518.26 518.27 518.22 518.27 518.18 518.24 518.24 518.23 518.24 518.31 518.25 518.22 518.2 518.24 518.35 518.3 518.28 518.3 518.47 518.21 518.14 518.13 518.13 518.1 518.12 518.04 518.03 518.04 518.02 518.07 518.1 518.04 517.99 517.94 517.94 517.98 518.01 518.04 517.98 518 518.06 518.06 518.2 518.32 518.78 519.2 519.11 519.16 518.32 517.88 517.87 517.85 517.87 517.88 517.52 517.33 517.33 517.58 517.99 518 517.91 517.87 517.72 517.69 517.74 517.78 517.82 517.86 517.8 517.82 517.81 517.82
518.24 518.23 518.16 518.2 518.23 518.25 518.33 518.4 518.24 518.2 518.2 518.2 518.25 518.28 518.45 518.43 518.25 518.2 518.37 518.32 518.15 518.16 518.19 518.18 518.13 518.07 518.02 517.97 517.96 517.97 517.99 517.98 518.07 518.06 518.01 517.98 518.01 518.04 518.01 517.99 518 518 518.37 518.44 519.18 519.11 519.14 518.77 517.88 517.9 518.02 518 517.93 517.53 517.26 517.56 518.13 518.2 517.98 517.99 517.95 517.94 517.82 517.78 517.75 517.78 517.86 517.9 517.89 517.98 517.91 517.87
518.31 518.25 518.18 518.16 518.24 518.27 518.23 518.2 518.2 518.2 518.22 518.29 518.19 518.37 518.46 518.35 518.16 518.15 518.22 518.32 518.19 518.13 518.16 518.2 518.2 518.11 518 517.95 518 518 517.95 517.95 518.04 517.98 517.94 517.98 518 518.01 518.01 518.02 518.19 518.35 518.29 519.03 519.14 519.08 519.05 518.25 518.01 517.99 518.15 518.17 517.67 517.31 517.77 518.32 518.5 518.44 518.28 518.1 517.99 517.98 518 518.07 518.12 518.12 518.09 518.11 518.11 518.08 518.04 517.96
518.35 518.26 518.22 518.18 518.19 518.2 518.2 518.2 518.22 518.3 518.34 518.18 518.19 518.36 518.41 518.34 518.22 518.2 518.18 518.15 518.24 518.06 518.07 518.08 518.16 518.12 518.03 518.04 518.04 518.01 518.03 518.05 517.98 518.07 517.92 517.96 517.98 518.01 518.06 518.43 518.61 518.3 518.83 519.22 519.13 519.18 518.47 518.1 518.15 518.15 518.23 518 517.34 517.49 518.42 518.59 518.6 518.56 518.43 518.4 518.34 518.31 518.21 518.21 518.32 518.3 518.22 518.15 518.15 518.17 518.23 518.14
518.31 518.35 518.32 518.22 518.2 518.2 518.21 518.2 518.27 518.18 518.2 518.19 518.15 518.27 518.43 518.41 518.32 518.23 518.17 518.12 518.15 518.14 518.06 518.03 518.13 518.08 518.05 518.06 518.1 518.18 518.09 518.12 518.08 518.07 518.07 518.06 518.22 518.23 518.14 518.25 518.14 518.58 519.25 519.16 519.21 518.88 518.08 518.17 518.2 518.2 518.21 517.79 517.31 518.09 518.65 518.71 518.67 518.55 518.54 518.5 518.47 518.49 518.42 518.38 518.39 518.38 518.38 518.34 518.29 518.31 518.34 518.38
518.26 518.22 518.19 518.2 518.19 518.24 518.31 518.14 518.2 518.16 518.18 518.11 518.1 518.22 518.55 518.44 518.36 518.24 518.12 518.06 518.06 518.16 518.04 518.04 518.18 518.2 518.04 518.09 518.13 518.14 518.24 518.17 518.23 518.17 518.24 518.07 518.11 518.17 517.99 518.05 518.46 519.14 519.16 519.19 519.32 518.59 518.24 518.32 518.33 518.19 518.14 517.62 517.35 518.48 518.78 518.71 518.6 518.59 518.63 518.54 518.51 518.5 518.49 518.58 518.57 518.46 518.44 518.46 518.46 518.47 518.47 518.54
518.18 518.18 518.2 518.22 518.18 518.23 518.26 518.18 518.16 518.15 518.16 518.14 518.12 518.18 518.3 518.12 518.24 518.15 518.12 518.08 518.06 518.13 518.15 518.05 518.07 518.11 518.05 518.16 518.13 518.13 518.21 518.23 517.98 517.58 517.48 517.46 517.64 517.69 517.81 518.25 518.87 519.18 519.19 519.34 519.21 518.75 518.46 518.36 518.27 518.32 518.12 517.4 517.74 518.71 518.86 518.78 518.66 518.7 518.74 518.69 518.61 518.65 518.63 518.68 518.65 518.75 518.66 518.55 518.62 518.68 518.67 518.68
518.18 518.19 518.21 518.17 518.17 518.14 518.17 518.2 518.16 518.15 518.08 518.05 518.05 518.06 518.06 518.07 518.08 518.11 518.1 518.09 518.08 518.13 518.2 518.13 518.08 518.05 518.07 518.09 518.15 518.2 518.22 517.78 517.48 517.6 517.9 517.87 517.7 517.4 517.49 517.9 518.9 519.19 519.26 519.39 519.28 519.08 518.59 518.46 518.37 518.38 517.9 517.35 518.06 518.84 518.89 518.83 518.81 518.83 518.85 518.83 518.75 518.77 518.78 518.79 518.76 518.78 518.82 518.9 518.87 518.78 518.84 518.85
518.38 518.19 518.21 518.17 518.14 518.12 518.13 518.21 518.13 518.13 518.02 518.05 518.08 518.08 518.05 518.06 518.07 518.09 518.12 518.1 518.11 518.13 518.22 518.19 518.1 518.07 518.09 518.15 518.15 518.27 517.86 517.42 518 518.52 518.64 518.66 518.54 518.32 517.59 517.53 518.36 518.76 519.19 519.27 519.27 519.25 518.82 518.53 518.44 518.34 517.58 517.39 518.58 518.88 518.9 518.94 518.94 518.93 518.93 518.95 518.89 518.89 518.94 518.97 518.92 518.91 518.91 519.01 519.07 519.13 519.02 519.02
518.41 518.23 518.21 518.2 518.15 518.17 518.2 518.16 518.12 518.12 518.06 518.04 518.06 518.08 518.04 518.06 518.06 518.07 518.08 518.09 518.09 518.11 518.18 518.37 518.18 518.08 518.1 518.29 518.46 518.01 517.57 518.02 518.45 518.78 518.77 518.7 518.78 518.96 518.88 518.49 518.38 517.59 518.02 518.39 518.82 518.84 518.71 518.57 518.32 517.6 517.42 517.66 518.95 518.92 519.01 519.07 519.06 519.05 519.05 519.05 519 518.98 519.08 519.13 519.13 519.08 519.09 519.13 519.16 519.23 519.3 519.28
518.34 518.27 518.25 518.23 518.17 518.15 518.14 518.09 518.25 518.04 518.08 518.05 518.07 518.08 518.07 518.09 518.11 518.1 518.08 518.1 518.06 518.12 518.17 518.19 518.17 518.1 518.12 518.38 518.2 517.63 517.76 518.34 518.52 518.47 518.49 518.59 518.88 519.14 519.3 519.26 518.97 518.17 517.46 517.5 517.64 517.88 517.84 517.81 517.44 517.45 517.75 518.77 519.01 518.97 519.07 519.17 519.14 519.18 519.18 519.18 519.16 519.12 519.18 519.31 519.29 519.26 519.26 519.34 519.33 519.36 519.38 519.48
518.28 518.26 518.24 518.22 518.19 518.14 518.15 518.12 518.17 518.06 518.05 518.07 518.08 518.11 518.11 518.11 518.1 518.09 518.1 518.12 518.1 518.15 518.18 518.14 518.24 518.27 518.35 518.31 517.76 517.58 518.14 518.3 518.19 518.14 518.24 518.46 518.71 519.18 519.3 519.28 518.83 517.87 517.67 517.51 517.56 517.47 517.49 517.49 517.61 518.13 518.8 519.03 519.06 519.1 519.12 519.25 519.26 519.25 519.28 519.34 519.32 519.31 519.33 519.45 519.44 519.43 519.44 519.42 519.46 519.46 519.5 519.55
518.24 518.23 518.22 518.24 518.21 518.15 518.11 518.2 518.27 518.16 518.04 518.04 518.04 518.1 518.14 518.06 518.02 518 518 518.06 518.09 518.16 518.18 518.2 518.28 518.53 518.62 518.03 517.5 517.85 518.16 518.1 518.05 518.06 518.18 518.44 519.08 519.33 519.31 519.33 518.43 518.29 518.18 517.81 518.37 518.51 518.6 518.76 518.93 519.01 519.02 519.15 519.2 519.25 519.27 519.28 519.33 519.39 519.41 519.42 519.42 519.45 519.43 519.54 519.56 519.57 519.57 519.59 519.6 519.63 519.67 519.71
518.25 518.26 518.21 518.23 518.21 518.18 518.15 518.18 518.22 518.18 518.01 518.06 518.07 518.11 518.09 518.04 518.06 517.93 517.96 517.99 518.05 518.14 518.26 518.29 518.24 518.4 518.07 517.61 517.62 518.05 518.07 518.07 518.07 518.07 518.18 518.85 519.42 519.31 519.43 518.8 518.4 518.74 518.45 518.44 518.76 518.9 518.99 519.12 519.12 519.15 519.17 519.32 519.37 519.43 519.41 519.41 519.48 519.52 519.53 519.54 519.58 519.63 519.6 519.64 519.67 519.69 519.74 519.72 519.74 519.77 519.82 519.83
518.27 518.31 518.23 518.26 518.23 518.21 518.19 518.17 518.12 518.11 518.09 518.08 518 518.08 518.08 518.08 518.05 517.97 517.96 517.95 518 518.11 518.23 518.26 518.2 518.13 517.83 517.78 518.05 518.08 518.06 518.06 518.1 518.11 518.41 519.45 519.32 519.35 519.18 518.28 518.83 518.78 518.56 518.55 518.97 519.12 519.09 519.13 519.2 519.28 519.33 519.45 519.48 519.55 519.57 519.62 519.64 519.66 519.69 519.71 519.7 519.79 519.84 519.81 519.89 519.86 519.84 519.9 519.92 519.94 519.96 520.03
518.25 518.21 518.14 518.4 518.32 518.43 518.24 518.16 518.17 517.99 518.09 518.09 518.04 518.17 518.04 518.11 517.97 517.98 517.99 518.04 518.16 518.14 518.08 518.05 517.88 517.79 518.02 518.12 518.07 518.06 518.06 518.06 518.1 518.21 519.3 519.36 519.35 519.44 518.35 518.52 518.69 518.92 518.73 518.7 519.05 519.19 519.15 519.22 519.3 519.35 519.45 519.56 519.63 519.72 519.77 519.83 519.88 519.86 519.85 519.86 519.88 519.94 520.01 520 520 520.04 520.02 520.06 520.12 520.12 520.17 520.31
518.21 518.28 518.3 518.31 518.29 518.33 518.3 518.17 518.17 518.02 518.08 518.17 518.05 518.1 518.05 518.11 518.07 518 518.06 517.93 517.97 517.98 517.9 517.85 517.98 518.14 518.15 518.14 518.09 518.04 518.03 518.09 518.17 518.81 519.45 519.41 519.46 518.84 518.4 518.72 518.76 518.77 518.9 518.89 519.08 519.27 519.3 519.35 519.42 519.52 519.59 519.7 519.8 519.86 519.94 519.94 520.07 520.08 520.1 520.08 520.07 520.12 520.21 520.25 520.2 520.21 520.22 520.25 520.3 520.34 520.38 520.55
518.18 518.2 518.22 518.27 518.26 518.3 518.19 518.13 518.17 518.17 518.33 518.34 518 518.01 517.9 517.86 517.87 517.78 517.77 517.78 517.8 517.81 517.83 517.9 517.99 518.07 518.14 518.16 518.13 518.08 518.09 518.17 518.4 519.62 519.42 519.38 519.21 518.34 518.68 518.7 518.82 518.85 519.02 519.1 519.2 519.38 519.48 519.48 519.54 519.65 519.76 519.87 519.95 520.04 520.13 520.14 520.18 520.24 520.3 520.29 520.3 520.35 520.42 520.45 520.4 520.45 520.45 520.53 520.55 520.59 520.65 520.84
518.29 518.24 518.23 518.23 518.27 518.28 518.24 518.18 518.19 518.08 517.97 517.82 517.65 517.84 517.84 517.86 517.89 517.88 517.86 517.86 517.84 517.84 517.86 517.91 517.96 518.02 518.12 518.18 518.16 518.17 518.19 518.3 519.17 519.45 519.38 519.4 518.5 518.63 518.73 518.73 518.84 518.87 519.02 519.3 519.31 519.5 519.63 519.62 519.68 519.83 519.92 520.01 520.1 520.19 520.28 520.33 520.3 520.37 520.46 520.5 520.53 520.58 520.62 520.64 520.66 520.64 520.72 520.77 520.77 520.83 520.88 521.1
518.3 518.27 518.25 518.15 518.11 518.03 517.96 517.85 517.78 517.82 517.88 517.97 518.05 518.02 517.92 517.89 517.86 517.86 517.86 517.88 517.84 517.84 517.85 517.89 517.92 517.99 518.05 518.14 518.17 518.22 518.33 518.74 519.54 519.43 519.36 518.86 518.54 518.75 518.78 518.84 519.07 519.03 519.16 519.31 519.31 519.52 519.71 519.82 519.82 519.96 520.08 520.18 520.26 520.32 520.4 520.5 520.51 520.53 520.62 520.68 520.73 520.78 520.87 520.89 520.9 520.88 520.94 521.03 521.08 521.12 521.13 521.2
517.86 517.89 517.85 517.71 517.78 517.84 517.88 517.9 517.93 517.89 517.94 517.96 517.92 517.88 517.85 517.84 517.81 517.83 517.85 517.86 517.82 517.83 517.9 517.92 517.92 517.94 518.01 518.12 518.18 518.29 518.48 519.53 519.52 519.36 519.32 518.6 519.17 518.72 518.78 518.88 519.1 519.15 519.31 519.44 519.55 519.66 519.91 519.94 519.98 520.12 520.24 520.32 520.39 520.49 520.52 520.61 520.65 520.68 520.74 520.86 520.92 521.02 521.1 521.14 521.19 521.18 521.19 521.31 521.36 521.38 521.44 521.5
517.79 517.8 517.89 517.92 517.92 517.9 517.87 517.88 517.87 517.83 517.84 517.85 517.86 517.84 517.89 517.88 517.9 517.9 517.88 517.84 517.87 517.87 517.9 517.92 517.94 517.96 518.07 518.15 518.2 518.4 519.17 519.64 519.48 519.45 518.63 519.08 518.96 518.81 518.85 518.98 519.23 519.31 519.4 519.59 519.65 519.7 520.03 520.08 520.11 520.24 520.34 520.46 520.54 520.64 520.67 520.73 520.78 520.83 520.9 521.03 521.16 521.26 521.32 521.41 521.46 521.44 521.43 521.49 521.62 521.72 521.8 521.92
517.87 517.84 517.88 517.87 517.87 517.87 517.88 517.86 517.87 517.85 517.87 517.92 517.91 517.91 517.93 517.89 517.87 517.89 517.85 517.84 517.84 517.86 517.89 517.93 517.95 518 518.14 518.18 518.28 518.87 519.73 519.58 519.51 518.98 518.64 518.95 518.84 518.96 519.02 519.07 519.49 519.81 519.79 519.71 519.86 519.84 520.1 520.2 520.27 520.37 520.47 520.59 520.67 520.76 520.88 520.91 520.95 521.02 521.11 521.22 521.4 521.53 521.63 521.7 521.73 521.75 521.73 521.72 521.87 521.98 522.15 522.22
517.86 517.87 517.86 517.87 517.89 517.91 517.91 517.89 517.9 517.9 517.9 517.91 517.9 517.86 517.85 517.84 517.84 517.82 517.87 517.9 517.91 517.9 517.9 517.96 518.01 518.09 518.22 518.27 518.54 519.63 519.64 519.53 519.42 518.52 519.01 519.02 519.05 519.14 519.2 519.3 519.7 519.92 520.05 519.95 519.96 519.97 520.19 520.38 520.42 520.46 520.59 520.72 520.83 520.94 521.04 521.1 521.17 521.25 521.31 521.45 521.67 521.81 521.9 522 522.08 522.06 522.02 522.04 522.13 522.25 522.4 522.52
517.91 517.91 517.9 517.89 517.9 517.93 517.91 517.89 517.87 517.85 517.81 517.82 517.85 517.85 517.83 517.85 517.85 517.86 517.91 517.96 517.99 517.97 517.99 518.04 518.09 518.17 518.32 518.45 519.03 519.73 519.59 519.62 518.59 518.94 519.04 519.09 519.21 519.27 519.38 519.5 519.69 519.83 520 520.09 520.11 520.04 520.25 520.45 520.5 520.59 520.71 520.84 520.98 521.11 521.2 521.27 521.33 521.47 521.57 521.7 521.9 522.05 522.19 522.28 522.39 522.34 522.33 522.32 522.4 522.51 522.71 522.82
517.95 517.95 517.92 517.89 517.86 517.87 517.86 517.84 517.83 517.82 517.83 517.86 517.9 517.88 517.85 517.86 517.89 517.92 518 518.04 518.04 518.05 518.09 518.15 518.21 518.32 518.5 518.99 519.75 519.64 519.58 519.23 518.9 519.09 519.14 519.18 519.38 519.5 519.57 519.78 519.79 520.01 520.17 520.25 520.21 520.23 520.27 520.65 520.67 520.75 520.84 520.97 521.1 521.22 521.35 521.46 521.54 521.67 521.78 521.98 522.2 522.34 522.44 522.56 522.58 522.59 522.63 522.62 522.68 522.81 523.02 523.15
517.85 517.87 517.86 517.89 517.94 517.95 517.93 517.84 517.83 517.82 517.88 517.91 517.94 517.9 517.89 517.9 517.99 518.01 518.11 518.22 518.22 518.2 518.24 518.3 518.38 518.49 518.76 519.62 519.74 519.6 519.51 518.75 519.2 519.31 519.63 519.48 519.66 519.65 519.76 519.85 519.95 520.22 520.46 520.48 520.37 520.38 520.34 520.74 520.84 520.91 521 521.12 521.24 521.41 521.5 521.62 521.74 521.91 522.09 522.26 522.42 522.6 522.73 522.81 522.87 522.92 522.96 522.93 523.01 523.15 523.39 523.55
517.86 517.86 517.84 517.85 517.9 517.91 517.89 517.82 517.85 517.86 517.91 517.94 517.93 517.92 517.95 518.04 518.14 518.19 518.26 518.34 518.33 518.34 518.41 518.46 518.51 518.72 519.17 519.84 519.65 519.51 518.89 519.23 519.25 519.3 519.41 520 519.96 519.89 519.87 520.02 520.33 520.48 520.57 520.57 520.51 520.53 520.55 520.78 520.95 521.06 521.14 521.26 521.4 521.52 521.66 521.78 521.94 522.09 522.29 522.44 522.63 522.85 523 523.11 523.19 523.24 523.34 523.36 523.42 523.45 523.69 523.8
517.86 517.86 517.84 517.87 517.85 517.83 517.84 517.84 517.86 517.92 517.96 517.97 517.96 517.97 518.08 518.18 518.26 518.32 518.34 518.4 518.41 518.47 518.52 518.57 518.67 518.95 519.82 519.74 519.63 519.28 519.12 519.31 519.42 519.46 519.5 519.62 519.73 519.96 520.07 520.31 520.45 520.55 520.59 520.71 520.72 520.77 520.6 520.85 521.13 521.22 521.36 521.45 521.54 521.68 521.81 521.95 522.05 522.21 522.43 522.62 522.83 523.05 523.17 523.4 523.51 523.55 523.58 523.67 523.73 523.77 523.89 523.97
