resources/dgm_25.grd
ncols         83
nrows         81
xllcorner     4489600
yllcorner     5320200
cellsize      25
NODATA_value  -9999
[rows 35 to 69 of 81, columns 0 to 77 of 83]
-9999 -9999 -9999 589.3 591.2 589.9 588.5 586 586.3 586.5 584.2 581 578.3 576.3 574.3 572.3 569.2 566.9 563.9 561.9 560.7 559.5 558.6 557.3 558 558.9 558.2 557.2 556 553.7 551.3 552 551.2 546.9 542.6 540.2 535.5 532 528.3 526.6 525.5 525.4 525.8 526.1 526.1 525.4 524.7 524.2 523.6 523 522 521 520.4 520.1 519.7 519.5 519.3 519.1 519.1 519.2 518.9 518.4 518.2 517.9 517.7 517.6 517.4 517.2 516.8 516.6 516.5 517.6 519.4 521.3 523.2 524.7 526.6 528.4
-9999 -9999 -9999 592.5 591.3 586.7 585.6 585.5 584.8 584.4 582.2 581 579.8 577.7 575.6 572.8 570.9 568.3 565.4 563.5 562.5 560.9 559.8 558 556.5 555.1 554.2 555.8 557 552.9 551.4 549.7 547.2 544.4 541.2 537.8 533.9 529.5 526.3 524.4 524 524.1 524.6 525.3 525 523.9 523.2 522.7 522.3 521.9 521.1 520.3 519.9 519.6 519.4 519.4 519.2 519 518.8 518.8 518.9 518.8 518 517.7 517.6 517.4 517.2 517 516.9 516.8 518.4 520.7 522.7 524.5 526.5 528.9 531.5 536
-9999 -9999 -9999 592.6 592.3 588.8 584.4 583.5 582.6 582.6 581.5 580.5 580.8 576.7 578.2 571.5 568.4 569 567.1 564 559.5 557.4 553.7 556.4 553.2 548.5 547.6 553.3 555.6 556 554.5 551.7 547.2 543.6 540.6 535.5 530.9 527.5 525.7 524.2 522.8 522.7 522.9 523.7 523.3 522.5 521.9 521.6 521.3 521 520.4 519.8 519.6 519.2 519.2 519.2 519 518.7 518.4 518.3 518.5 518.5 518.1 517.6 517.6 517.4 517.2 517.1 516.9 518.4 521.1 523.9 526.1 527.3 529.7 535 539.5 538.8
-9999 -9999 -9999 589.5 590.1 588.3 585 582 581.2 581.4 579.2 578.8 576 580.1 572.5 569.4 563.8 563.9 562.3 558.7 563.6 558.8 559.4 560.7 558.5 555.2 547.4 553.6 555.4 555 553.7 551.5 546.4 542.5 539 532.4 529.2 526.9 525.6 524.2 522.8 522.1 522 522.2 522.1 521.2 520.7 520.6 520.4 520.2 519.8 519.5 519.3 519 519 518.9 518.6 518.6 518.3 518.3 518.3 517.8 518.6 517.9 517.5 517.7 517.8 518.7 519.1 521.4 524.2 526.7 529 531.7 538.2 539.1 539.2 538.6
-9999 -9999 -9999 585.5 588.5 588.4 585.3 581.7 581.3 581.6 582.1 582.8 582.2 579.8 577.1 572.4 568.2 569.2 568.4 565.6 566.2 564.7 563.9 562.7 560.4 557.8 546.9 548.8 550.6 547.3 547.1 546.4 544 538.7 533.7 531.4 529.4 527.6 526 524.4 522.7 521.7 521.5 521.4 521.4 520.5 520 519.9 519.8 519.7 519.4 519.1 519.1 518.9 518.7 518.6 518.4 518.3 518.2 518.4 517.9 517.8 517.5 520 519.7 520.3 521.1 523.3 525.6 527.2 527.8 529.6 531.7 535.7 538.6 539 539 539.2
-9999 -9999 -9999 584.8 587.6 587.4 585.7 584.1 583 585 584.3 584 582.4 578.2 574.1 573.3 568.9 570.7 569.7 568.1 567.2 566.1 566.7 564.4 561.5 559.2 554.6 547.7 543.7 543 541.8 540 539.7 536.6 534.1 532.1 530.1 528.7 527.2 525.5 523.5 521.8 521.2 520.9 521.2 520.3 519.8 519.7 519.5 519.2 519 518.8 518.7 518.6 518.5 518.5 518.2 518.1 518.3 518.1 517.8 517.7 517.7 519.5 522.2 524 526.7 529.3 529.3 529.7 530.3 531.7 534.1 538.6 539.3 539.4 539.7 540
-9999 -9999 -9999 586 586.4 586.2 586.7 585.3 585.7 584.3 585.6 584.5 582.9 579 574.7 572.5 570.8 572.7 571.8 570.7 568.4 568.1 569 567 564.1 560 556.2 549.3 550.4 542.8 545 540.5 538.8 536.7 534.7 532.9 531.5 529.5 527.5 525.7 523.7 521.8 520.7 520.9 520.9 519.6 519.1 519.2 519.2 518.8 518.5 518.5 518.4 518.4 518.4 518.3 518.1 518.1 518.2 517.7 517.8 518 519.7 522 526.2 527.6 529.3 529.8 530.1 530.8 531.5 532.3 535.5 537.5 539.4 539.8 540 540.3
-9999 -9999 -9999 585.2 586.8 589.3 588.9 585.5 585.1 585.1 585.3 584.8 582.5 579.2 575.9 575.3 574.4 574.3 574.2 574.8 573 572.4 572.6 569.7 566.9 557.3 555.4 557.3 552.1 548 547.7 542.4 540.3 538.9 538.6 538 533.3 528.7 526.6 525.1 523.2 522.2 521.6 521.2 520.4 519.5 518.8 518.6 518.8 518.8 518.5 518.4 518.3 518.2 518.2 518.2 518.1 518.7 518.6 519.1 519.5 521 523.7 529 535.8 529.5 530.2 530.6 531.5 533.6 538.1 539.5 539.4 537.3 538.3 540 540.2 539.5
-9999 -9999 -9999 588.7 587.8 589.6 588.5 585.5 585.8 584.5 582.2 580.6 580.9 580.3 576.7 577.2 579 580.6 574.6 576.2 575.1 572.6 569 564.8 560.9 559.3 557.2 555.4 553.4 551.5 548.7 546.2 542.6 540.1 540.6 544.6 536.4 529.6 525.7 523.9 523.5 522.7 521.6 521.1 520.4 519.7 518.9 518.5 518.4 518.4 518.6 518.5 518.2 518.1 517.9 517.8 518.3 519.3 520.6 521.8 523 524.5 530.7 534.8 538.7 538.4 531.2 534.4 539.8 540.8 540.6 541.4 541.5 541.1 543 541.6 539.2 537.8
-9999 -9999 -9999 590.5 590.9 589.1 590 589.4 587.7 583 580.5 580.3 580.7 581 576.8 576.3 577.6 575.1 573.1 571.3 569.2 567.9 566.9 566.6 566.5 564.1 563.9 561.3 558.2 553.9 548.9 546.1 544 541.9 545.1 543 535.4 528.6 526 525 523.7 522.6 521.9 521.1 520.2 519.7 519 518.5 518.2 518 518.3 518.2 518 517.9 518 518.8 520 520.9 522.8 524.7 526.5 530.5 535.5 539.1 539.8 539.8 538.2 537.4 540.6 540.4 538.6 543.1 535.7 539.9 537.8 538.2 539.6 536.3
-9999 -9999 -9999 588.7 588.8 589.1 590 588.8 584.1 580.6 580.3 580.3 581.8 580.4 579 577.3 577.4 578.2 578.4 580.2 577.6 573.4 571.1 571.3 570.3 569.8 568.9 565.9 562.8 558.3 553.6 546.4 542.7 540.4 538.8 536.4 530.5 528.4 525.5 524.4 523.8 522.8 522.2 520.3 519.2 518.9 518.6 518.3 518.1 518 518.1 518 517.9 518.2 519.1 520.3 521.3 523.5 525.5 528.8 532.4 534.8 538.5 541.7 540.9 540.1 539.4 536.4 538.1 535.9 536.6 536.5 536.8 538.2 535.1 534.6 538.7 537.3
-9999 -9999 -9999 585.3 585 586.9 589 587.6 585.2 584.1 583.6 582.8 582.4 580.1 577.4 577.7 579 579.9 579.9 578.4 574.7 575.1 573.8 572.7 570.9 571.6 570.5 568.5 565.5 561.9 553.5 547.2 542 540 536.8 534.4 534.5 528.7 525 524.4 523.3 522.8 522.9 519.5 519 518.6 518.4 518.3 518.1 518.1 518.2 518.2 518.1 519.1 520.4 521.3 523.5 525.6 528.7 532.2 533.9 536.9 539.7 543.8 542.9 543.1 540 537 536.8 539.9 538.6 537.4 537.6 537.4 539.1 536.8 536.7 534.5
-9999 -9999 -9999 585.1 585.2 585.7 586.5 585.7 585.5 587.1 585.2 583.1 581.8 580.7 578.7 579.8 580 580.1 578.1 576.5 578.2 578.2 576.5 580.1 577.6 572.2 571.6 570.7 567.7 563.3 554.7 550.3 543 539.2 535 533.5 528.7 530.3 529.5 524.9 523.3 523.1 521.8 520.2 519.3 518.6 518.4 518.3 518.1 518.1 518.2 518.5 518.6 520.1 521.5 522.7 525.7 528.3 532 533.6 536.1 538.3 540.9 543.7 542.7 542.7 542.4 540.8 541.1 537.4 538.8 538.4 538 537.6 537.5 536.1 534.1 535.9
-9999 -9999 -9999 586.3 586.8 585.5 584.8 586.1 587 586.6 587.8 584.5 583.7 583 581.9 581.7 581.4 580.6 578.3 578.6 580.8 579.7 577 579.7 575.1 572.4 572.8 570.8 568.4 564.5 554.8 549.8 543.8 538.6 533.8 530.5 529.9 527.7 525.9 527.3 525.6 524.6 521.3 520.8 519.4 518.6 518.4 518.3 518.2 518.3 518.5 519 519.6 521.4 523.2 524.9 527.8 530.6 533.3 535.7 537.3 538.3 541.7 543.8 543.9 543.7 543.6 542.8 543 538 538.8 538.9 539.6 539.3 539.3 537.5 534.4 534
-9999 -9999 -9999 585.5 584.7 584.4 584.7 586 587.1 586.7 587.2 586.7 586.6 584.2 583.1 583.8 583.4 582.1 581 583.7 583 579.5 578.4 578.7 574.2 573.7 574.2 572.6 571.1 562.6 555.4 551.6 546.7 540.6 536.6 535 531.5 528.8 525.8 523.9 525.5 522.3 521.1 519.8 519 518.7 518.5 518.3 518.3 518.6 519.2 519.6 520.8 522.8 525.3 527.1 530 533.5 534.1 535.5 536.4 540.2 543.6 544.3 544.4 544.4 544.3 544.1 543.4 540.4 539.2 539 538.7 539.4 541.6 536.1 534.6 534.1
-9999 -9999 -9999 584.3 584.6 584.6 584.7 585.5 586.7 585.9 586.7 587.9 588.8 588.8 587.1 584.4 583.8 584.1 582.7 587.7 586 581.3 580.9 578.3 575.3 575.6 575.5 576.6 571.2 563.3 557.1 554.2 550.1 541.3 538.3 535.3 532.4 529.2 525.7 523.2 525 520.1 519.6 519.1 518.9 518.7 518.5 518.2 518.4 519 519.8 520.6 522.3 525.1 528.7 533 536.3 539.8 537.6 539.2 538.6 542 544.1 544.6 544.7 544.7 544.6 544.4 544.3 543.4 539.4 538.8 537.7 538.1 538.9 535.6 534.9 533.8
-9999 -9999 -9999 584.2 585 584.7 584.7 586.1 587.4 587.2 587.2 587.3 587.9 588.3 589.9 586.7 587.5 586.2 583.2 584.1 587.7 584.6 584.6 582.8 579.6 577.4 578.6 578.7 573 564.6 560.5 557.4 552.8 544.4 541.4 539.7 540.2 531.7 527.2 524.5 521.9 519.8 519.5 519.1 518.9 518.9 518.7 518.3 518.8 519.6 520.8 522.7 523.7 528.7 532.6 540.1 545.2 545.2 543.1 542.8 543.1 543.7 543.3 544.4 544.4 544.3 544.6 544.4 544.6 544.1 543.9 540.2 537.4 537.3 537.1 530.6 527 526.2
-9999 -9999 -9999 584.9 585.6 584.6 584.6 586.2 587.6 585.9 585.6 587.1 588.2 589.2 590.1 585.8 586.4 587.3 585.1 585.8 589.7 589.3 588.1 588.1 585.5 580 580.1 580.6 575.1 569.1 565.2 559.7 555.8 548.2 546.6 548.1 545.4 534.6 529.1 525.7 521.7 520 519.5 519.2 519 519 518.6 518.6 519.5 521.2 522.4 524.3 527.7 532 534.5 540 545 544.9 544.5 543.3 541.8 541.1 541 542.6 542.2 542.3 543 543.9 544.4 545.2 545.6 546 543.6 533.8 529.5 528.5 525.2 525
-9999 -9999 -9999 585.7 586.3 585.4 584.6 584.6 584.9 585.7 585.5 586.8 590.3 590.5 591.1 589.8 590.9 590.4 586.7 586.7 588.2 590.6 591.5 591.3 589.8 585.3 584 580.6 576.3 573.9 568.2 561.4 556.5 555.6 554.9 553.7 550.5 540.6 531.3 526 522.4 520.7 519.8 519.4 519.2 519.1 518.6 519.7 520.9 522 524.4 526.2 530.2 534 536 540.2 545.6 544.2 543.5 544.4 542.4 542.3 541.8 541.7 541.7 541.8 542 542.6 545.3 546.3 546.2 547.4 547.5 544.3 536.4 533.2 529.8 525.2
-9999 -9999 -9999 585.8 586.3 586.2 584.7 584.5 585.9 586.9 588.4 589 590.2 589.3 590 591.9 592.1 593.4 593.4 591.3 592.2 590.1 592.8 594.6 593.6 590.6 588.5 582.8 581.1 575.3 568.2 564.6 561.8 559.6 558.5 556.8 554.8 545.1 531.8 528.1 523.9 520.7 519.7 519.3 519.1 518.7 519.4 520.3 522.1 524 525.2 529.4 531.3 535.6 539.1 543.6 545.9 546 545.8 545.5 542.4 541.9 541.7 541.6 541.6 541.8 542.5 542.8 543.6 546 546.8 546.8 546.9 545.8 544.6 539.3 533.5 529
-9999 -9999 -9999 585.8 587.2 587 585.9 584.7 586.5 589.8 591.5 591.7 590.5 594.5 594.1 595.3 597.7 598.4 597.6 595.3 595.4 596.1 595.5 595.5 596.9 594.3 592.2 585.6 583.3 579.9 572.5 569 565.4 562.2 559.2 554.8 551.8 543.7 532.7 528.4 524.7 521.4 519.6 519.4 519.3 519 519.8 521.1 523.4 525.3 529.9 532.4 535 538 540.2 544.7 546.3 546.4 545.7 545.5 543.7 541.8 541.8 541.8 541.8 541.7 542.8 546.5 544.3 545.2 546.3 547.4 547 546 544.8 544.2 540.5 534.6
-9999 -9999 -9999 585.3 587.5 588.2 585.2 586.5 587.6 586.9 589.3 592.9 596.1 597.4 597.5 598.7 598.9 600.7 603.4 602.1 601.1 601.2 599.2 598.7 600.5 597.3 594.5 588.3 585.7 582.6 576.2 574.1 566.3 562.2 557.3 552.7 547 539.2 533.2 528.8 524.7 521.9 519.7 519.4 519 519.4 520.1 522 524.7 527.7 533 535 537.1 539.2 542.8 545.3 546.3 545.4 545.2 545.4 546.1 547.6 544.6 542.6 545.5 544.7 546.5 544 543.5 545.2 545.9 547.6 547.9 547.8 547.3 546.8 546.9 542.9
-9999 -9999 -9999 586 585.6 585.9 585.8 588.8 588.6 588.1 589.2 591.1 592.8 593.2 594.8 597 598.1 599.4 600.5 603.3 603.4 602.2 602.2 600.9 599.7 597 594 592 587.8 586.3 582.3 573.6 567.7 562.5 558.8 555.4 551.6 540.3 532.8 527.8 523.9 521.5 519.9 519.9 518.9 519.6 520.3 522.9 526 531.1 534.6 536.5 538.9 539.6 541.8 543.8 545.9 545.2 544.9 546.5 546.9 547 548.8 546 546.3 548.5 548.2 545.8 542.6 545.8 547.3 548.2 548.2 547.4 547 547.8 547.6 546
-9999 -9999 -9999 584.5 584.5 585 588.5 587.8 582.2 583 586.4 588.8 590.6 591.6 592.1 594.5 595 594.3 597.2 600.1 602.5 603.9 604.7 602.9 601 598.5 596.1 593.3 590.3 590.1 584.7 577.9 573.3 567.7 562.3 557.6 551.4 539.9 533.2 526.9 523.3 521.4 519.8 519.8 518.8 519.6 520.6 524 527 533.3 536.8 538.6 540 543.2 543.2 544.2 546.3 547.5 548.1 548.5 548.1 545.3 548 548.5 548.1 548.7 548.8 545.3 542.6 546.1 547.9 548.1 548.1 548.2 547.9 547.8 547.6 547.9
-9999 -9999 -9999 584 586.2 586.8 585.9 584.6 583.4 581.4 582.9 581.8 585.4 588.3 590.3 590.5 593.2 592.9 593.8 596.1 598.8 602.1 604.6 603.1 601.7 600.9 597.8 593.1 591.1 590.5 586.1 578.1 576.7 570.4 563.9 558.9 553.2 543.8 533.6 528.1 523.8 521.5 520 519.9 519.3 519.8 521.4 524.7 527.8 532.5 537.4 538.2 540.5 544.2 542.5 546.1 548.6 549.1 548.8 548.4 548.3 545.3 546.8 548 548.8 548.9 548.1 548.7 548.3 547.7 548.2 548.3 547.9 548 548.4 548 548.2 548.1
-9999 -9999 -9999 585.6 586.4 587.3 586.7 584 581.4 580.9 583.1 584.9 583.7 584.3 586.3 586.4 587.9 589.8 592 593 595.8 599.8 602.1 602 600.4 600.2 596.5 593.6 591.6 589.4 582 575.2 570.7 568.3 562.2 555.7 549.2 541 534 529 524.5 521.9 520.2 519.8 519.6 519.9 521.7 524.8 527.7 532.9 535.7 537.1 539.5 542.9 545.6 547.6 548.8 548.9 547.8 548.1 547.7 545.8 545.6 546.8 548.2 548.8 548.8 547.7 548.1 547.1 548.4 548.5 548.1 548 548.4 548.9 548.1 547.7
-9999 -9999 -9999 585.2 585.3 588.4 584.4 582.2 581.2 580 585.1 583.8 580.5 581.3 582.9 581.6 585.6 588.5 590.3 591.7 592.9 595.6 599.7 600.4 599.1 596.9 595.1 592.2 589.2 587.7 581 575.2 570.2 563.2 559.9 555.3 551.5 542 534.2 528.6 525.1 522.2 520.9 520 519.6 520.2 521.3 524.5 528.1 534.7 538.6 537.4 541.9 539.4 543.8 548.6 549.8 547.7 545 548.2 548.3 546.4 546.6 547.8 547.7 548.3 548 547.9 547.6 547.7 548.5 548.4 548.3 548.5 548.7 548.8 548.8 546.8
-9999 -9999 -9999 583.5 583.9 586.8 581 578.5 582.1 583.1 586.6 584.7 578.7 577.7 579.9 580 581.4 583.3 586.8 588.9 591.3 592.7 597.3 597.4 596.4 594.5 593.6 590.5 586.3 585.2 583.8 577.2 572.5 561.7 555.9 550.1 549.4 545.8 533.9 530.1 526.5 523.6 522.1 520.3 519.6 520.2 521.7 524.8 528.6 535.6 540.1 539.9 544.2 543.7 543.6 549.7 549.1 548.5 548.1 548.9 548.8 547.9 547.3 547.7 548.3 547.8 547.1 546.8 548.4 548.7 548.4 548.3 548.2 548.3 548.3 548.2 549.1 547.4
-9999 -9999 -9999 576.8 577.2 583.1 580.2 578.3 579.4 583.8 585.6 583.2 577.5 577.6 577.7 577.7 578.6 579.7 580.8 584.6 588.6 590 593.6 594.6 594.2 592.6 591.5 589.6 587.5 587.6 583.9 579.4 575.3 564.7 557.3 550.3 544.4 540.2 535.3 531.3 527.8 524.8 522.8 521 519.9 520.2 521.6 524.7 528.8 537.7 540.1 539.8 544.2 545 543.2 549.3 548.5 548.8 547.5 546.5 548.8 549.4 547.8 547.3 548.1 547.1 546.8 547.2 548.2 548 548.3 548.3 548 547.9 548.1 548.3 548.9 550.7
-9999 -9999 -9999 577.8 577.4 576.8 576.8 576.8 580.4 580.3 580.1 579.6 578.4 580.9 577.5 577.7 577.4 578.9 580.2 582.3 584.2 586.5 590.1 593.1 593.4 591 587.7 585.8 587.4 586.9 583.8 584.4 576.1 565.8 558.8 551.2 544.5 540.1 534.7 531 527.7 524.8 522.8 521 520 519.9 521.8 524.1 527.8 534 540.1 541.3 543 546.6 546.7 550 550 548.2 549.6 549.8 549.8 549.7 549.4 548.4 548.5 547.2 546.4 545.5 547.3 548.6 548.3 548.2 548.3 547.9 548.1 548.9 551.1 552.4
-9999 -9999 -9999 577.4 577.4 578.1 577.6 576.8 578.8 579.3 577.6 576.8 576.7 576.7 579.1 577.3 577.7 580.6 582.6 585 585.6 584.9 586.5 589.9 591.2 590.4 588.4 589 589.5 586 584.6 583.6 577.9 569.7 556.9 550.1 544.2 539.6 535.2 531.6 528.1 525 522.7 520.8 519.9 519.7 521.8 523.8 526.9 533.9 540.1 541.6 546.9 549.9 550.4 550.6 550.4 550.5 550.5 549.6 549.8 549.7 549.2 548.4 547.8 547.7 548.1 548 546.4 547.9 548.8 548.5 548.4 549.6 551.5 553.7 554.4 551.7
-9999 -9999 -9999 577 577.1 577.4 577.4 577.2 577 576.9 576.9 577.3 578.2 577.1 577.4 576.6 577 580.2 582.5 584.1 586.1 587.1 584.5 588.4 590.1 589.8 591.3 591.2 591.7 588.8 586.2 579.3 570 564.2 556.1 549.9 545.5 542.4 537.2 532.9 527.8 524.6 522.4 520.6 520 519.6 521.4 522.9 526.3 532 540.1 541.5 549 550.5 550.8 551 551 551 550.9 550.5 550.2 549.5 548.4 548 547.2 548 548.7 549.1 548.4 548.4 549.1 550.6 553 554.3 554.4 554.4 553.7 552.6
-9999 -9999 -9999 576.8 576.9 577 577.1 577.1 577.1 576.9 576.9 577.1 577.4 577.4 578 577.4 576.8 576.9 581.3 582.5 584 586.5 586.6 586.7 589.8 592.3 592.9 592.7 592 589.3 584.4 574.8 569.3 564.6 558 551.9 550.8 548.5 539.4 534.4 528.4 524.7 522.3 520.7 520.2 520.1 520.3 521.9 525.7 529.9 539 541.5 549.1 550.8 551 551.2 551.3 551.2 551 550.1 549.6 549.9 550.3 550.5 549.8 548.6 548.6 548.7 550.1 551.3 550.7 553.5 554.3 554.5 554.5 553.8 554.1 553.8
-9999 -9999 -9999 576.8 576.8 576.9 576.9 576.9 576.9 576.9 576.9 577.1 577.3 577.3 577.6 577.3 576.8 576.8 577.3 581.4 582.4 584.3 586.8 587.9 590.5 594 595 593.5 592 590.1 584.2 576.6 572.3 565.5 560 557.2 557.1 554.6 549.1 538.9 531.5 526.3 523.1 521.3 520.6 520.3 520.3 521.6 524.7 528.6 535.9 540.9 548.6 550.9 551.1 551.3 551.3 551 550 551.1 552 552.8 552.8 552.3 552.1 552.5 550.8 552.9 553.1 553.4 553.4 554.3 554.6 554.5 553.9 553.9 556.4 554.9
-9999 -9999 -9999 576.8 576.8 576.8 576.9 576.9 576.9 576.9 576.9 577 577.2 577.2 577.2 577 576.8 577 576.8 578 581.3 582.8 584.8 585.9 588.2 593 594 593.7 592.9 591.9 586.7 580 575.3 566.8 562.2 561.6 561 558.8 552.1 541 533.8 528.6 525.6 522.8 521.1 520.7 519.7 521 523.7 526.7 531.9 541.2 548.9 551 551.2 551.1 550.9 550.3 552 552.8 554.7 555.1 555.3 554.9 554.1 552.5 551.1 549.6 551 553.9 554 553.7 554.2 553.9 552.8 555 557.3 554.8
