resources/dgm_2.grd
ncols         501
nrows         1001
xllcorner     4490660
yllcorner     5320200
cellsize      2
NODATA_value  -9999
[rows 32 to 63 of 1001, columns 144 to 215 of 501]
548.38 548.36 548.44 548.48 548.43 548.38 548.34 548.27 548.27 548.26 548.27 548.3 548.34 548.4 548.43 548.44 548.42 548.41 548.45 548.51 548.48 548.37 548.27 548.19 548.12 548.07 548.03 548.01 547.82 547.59 547.47 547.26 547.04 546.8 546.55 546.33 545.96 545.59 545.19 544.84 544.53 544.23 543.87 543.62 543.24 542.75 542.75 542.98 543.16 543.2 543.22 543.22 543.28 543.34 543.34 543.71 543.96 544.11 544.38 544.53 544.55 543.92 544.4 544.58 544.39 544.34 544.5 544.88 545.98 546.38 546.39 546.92
548.14 548.08 548.1 548.21 548.19 548.15 548.08 548.02 548.02 548 548 548.02 548.04 548.06 548.08 548.07 548.07 548.1 548.15 548.2 548.14 548.04 547.93 547.83 547.74 547.66 547.64 547.46 547.36 547.18 547.01 546.83 546.62 546.43 546.17 545.95 545.69 545.24 544.9 544.57 544.27 543.92 543.57 543.38 542.9 542.67 542.71 542.89 542.97 543 543.02 543.05 543.09 543.07 543.15 543.55 543.77 543.96 544.22 544.32 544.39 543.81 544.21 544.46 544.29 544.19 544.43 544.72 545.66 545.92 545.97 546.66
547.9 547.85 547.83 547.87 547.93 547.88 547.83 547.77 547.77 547.74 547.72 547.68 547.66 547.66 547.7 547.7 547.7 547.75 547.82 547.85 547.78 547.72 547.61 547.5 547.36 547.31 547.25 547.08 546.96 546.83 546.64 546.45 546.29 546.02 545.82 545.6 545.25 544.91 544.65 544.31 543.99 543.6 543.37 543.26 542.74 542.62 542.68 542.77 542.81 542.81 542.83 542.92 542.94 542.91 542.95 543.29 543.61 543.78 544.03 544.12 544.22 543.89 543.72 544.2 544.1 544.07 544.39 544.71 545.4 545.47 545.6 546.32
547.63 547.6 547.55 547.52 547.54 547.55 547.51 547.49 547.48 547.44 547.39 547.36 547.33 547.31 547.33 547.35 547.36 547.42 547.46 547.47 547.42 547.37 547.3 547.15 546.99 546.94 546.82 546.65 546.52 546.45 546.23 546.04 545.83 545.67 545.51 545.25 545.01 544.68 544.4 544.07 543.68 543.34 543.15 542.96 542.53 542.66 542.64 542.63 542.68 542.63 542.62 542.68 542.73 542.72 542.7 542.98 543.38 543.62 543.84 543.98 544.08 543.93 543.35 543.83 543.94 543.88 544.14 544.29 544.82 545.1 545.29 546.01
547.42 547.38 547.3 547.22 547.18 547.22 547.22 547.2 547.16 547.11 547.08 547.04 546.99 546.98 547 547.03 547.05 547.09 547.1 547.11 547.04 546.99 546.95 546.8 546.65 546.57 546.4 546.25 546.11 545.95 545.85 545.68 545.47 545.3 545.16 544.96 544.67 544.47 544.13 543.79 543.36 543.06 542.94 542.55 542.49 542.51 542.46 542.38 542.36 542.4 542.43 542.43 542.52 542.56 542.5 542.7 543.11 543.34 543.63 543.81 543.88 543.84 543.24 543.39 543.79 543.73 543.93 543.92 544.45 544.77 544.92 545.67
547.19 547.17 547.1 546.96 546.89 546.93 546.95 546.94 546.88 546.81 546.75 546.69 546.66 546.64 546.67 546.7 546.73 546.74 546.77 546.76 546.66 546.62 546.56 546.43 546.37 546.13 546.04 545.85 545.7 545.58 545.45 545.25 545.09 544.93 544.74 544.66 544.45 544.2 543.83 543.5 543.1 542.81 542.69 542.32 542.39 542.35 542.26 542.22 542.11 542.17 542.23 542.29 542.27 542.32 542.34 542.49 542.8 543.08 543.41 543.6 543.67 543.67 543.03 543.36 543.63 543.55 543.7 543.71 544.12 544.3 544.63 545.28
546.94 546.94 546.87 546.7 546.58 546.59 546.68 546.67 546.63 546.56 546.47 546.39 546.34 546.32 546.34 546.37 546.39 546.4 546.39 546.37 546.28 546.23 546.18 546.09 545.96 545.78 545.63 545.44 545.38 545.23 545.05 544.89 544.73 544.61 544.45 544.45 544.16 543.92 543.55 543.2 542.85 542.57 542.4 542.35 542.3 542.14 542.07 542.06 542 541.94 541.97 542 542.09 542.09 542.17 542.26 542.55 542.78 543.18 543.38 543.45 543.32 542.66 543.48 543.46 543.41 543.51 543.55 543.85 544.02 544.43 544.98
546.67 546.64 546.57 546.39 546.25 546.24 546.36 546.36 546.34 546.31 546.21 546.11 546.03 546.02 546.08 546.07 546.08 546.06 546.03 545.99 545.9 545.84 545.78 545.75 545.6 545.4 545.22 545.1 544.99 544.86 544.67 544.58 544.39 544.32 544.32 544.15 543.84 543.56 543.21 542.91 542.61 542.32 542.09 542.1 542.07 541.98 541.89 541.84 541.78 541.72 541.82 541.82 541.88 541.95 541.97 542.05 542.21 542.52 542.85 543.08 543.18 543 542.55 543.16 543.32 543.28 543.35 543.49 543.69 543.86 544.26 544.74
546.35 546.29 546.25 546.12 545.95 545.95 545.95 545.99 546.04 546.04 545.96 545.81 545.75 545.74 545.78 545.78 545.77 545.77 545.7 545.64 545.56 545.46 545.39 545.42 545.23 545.03 544.87 544.7 544.59 544.49 544.35 544.24 544.13 544.05 543.93 543.76 543.51 543.16 542.86 542.62 542.35 542.13 541.99 541.94 541.88 541.79 541.7 541.62 541.61 541.53 541.58 541.66 541.64 541.76 541.83 541.82 541.98 542.26 542.7 542.87 542.95 542.48 542.72 543.05 543.2 543.2 543.27 543.43 543.49 543.83 544.11 544.37
546.01 545.92 545.85 545.77 545.66 545.61 545.61 545.64 545.67 545.73 545.66 545.51 545.46 545.48 545.5 545.52 545.49 545.46 545.42 545.33 545.21 545.09 545.05 545.02 544.85 544.7 544.51 544.38 544.27 544.16 544.08 543.94 543.83 543.78 543.6 543.37 543.1 542.82 542.54 542.35 542.1 541.94 541.91 541.82 541.66 541.58 541.53 541.43 541.39 541.35 541.43 541.42 541.39 541.54 541.64 541.69 541.78 542.02 542.44 542.65 542.57 542.04 542.69 542.75 543.04 543.07 543.2 543.26 543.48 543.73 543.7 543.75
545.71 545.56 545.47 545.38 545.33 545.27 545.25 545.31 545.34 545.38 545.33 545.22 545.19 545.21 545.21 545.23 545.24 545.22 545.15 545.04 544.89 544.76 544.72 544.56 544.46 544.32 544.19 544.06 543.95 543.88 543.82 543.71 543.52 543.49 543.21 542.96 542.78 542.5 542.24 542.03 541.84 541.72 541.59 541.66 541.46 541.39 541.31 541.24 541.18 541.14 541.19 541.24 541.25 541.32 541.44 541.49 541.55 541.85 542.22 542.34 541.99 542.12 542.49 542.64 542.87 542.9 543.03 543.17 543.16 543.21 543.57 543.5
545.44 545.3 545.18 545.08 545 544.94 544.88 544.94 545 545.06 545.03 544.92 544.88 544.93 544.91 544.91 544.96 544.94 544.86 544.74 544.58 544.5 544.35 544.28 544.19 544.09 544.02 543.86 543.74 543.61 543.58 543.35 543.24 543.12 542.89 542.66 542.45 542.23 541.99 541.75 541.64 541.44 541.56 541.42 541.27 541.22 541.1 541.05 540.95 540.98 541.01 541.06 541.03 541.15 541.26 541.35 541.32 541.66 541.94 542.05 541.5 542.23 542.37 542.58 542.71 542.66 542.8 542.83 542.84 542.98 543.1 543.13
545.16 545.02 544.91 544.79 544.7 544.68 544.64 544.65 544.71 544.74 544.71 544.64 544.64 544.64 544.62 544.64 544.65 544.59 544.51 544.44 544.33 544.18 544.08 544 543.85 543.81 543.71 543.56 543.42 543.26 543.2 543 542.9 542.71 542.5 542.31 542.11 541.9 541.67 541.53 541.26 541.27 541.32 541.2 541.08 540.96 540.88 540.83 540.78 540.8 540.83 540.8 540.9 540.97 541.08 541.08 541.24 541.51 541.59 541.56 541.52 542.07 542.2 542.35 542.34 542.36 542.56 542.47 542.49 542.64 542.78 542.87
544.98 544.82 544.68 544.56 544.49 544.45 544.4 544.39 544.34 544.4 544.44 544.42 544.39 544.35 544.32 544.3 544.26 544.23 544.15 544.06 543.99 543.88 543.72 543.6 543.53 543.48 543.37 543.21 543.04 542.89 542.79 542.69 542.53 542.32 542.17 541.94 541.8 541.63 541.38 541.25 540.87 541.09 541.08 541 540.91 540.76 540.68 540.66 540.6 540.61 540.61 540.56 540.7 540.83 540.92 541.02 541.17 541.32 541.31 540.8 541.54 541.87 542.08 542.21 542.05 542.07 542.11 542.08 542.21 542.31 542.44 542.55
544.81 544.64 544.5 544.42 544.32 544.28 544.21 544.15 544.15 544.14 544.16 544.18 544.23 544.15 544.14 544.01 543.83 543.75 543.61 543.63 543.46 543.4 543.29 543.17 543.07 542.99 542.99 542.82 542.66 542.53 542.36 542.34 542.18 542 541.82 541.68 541.45 541.24 541.04 540.91 540.52 540.85 540.91 540.76 540.68 540.62 540.51 540.47 540.46 540.44 540.41 540.4 540.52 540.64 540.69 540.87 541.05 541.17 540.78 540.64 541.49 541.74 541.93 541.73 541.68 541.73 541.73 541.79 541.9 542.05 542.22 542.28
544.63 544.46 544.34 544.25 544.15 544.08 543.96 543.89 543.87 543.82 543.87 543.91 543.9 543.78 543.74 543.62 543.4 543.23 543.13 542.99 542.98 542.9 542.82 542.74 542.59 542.48 542.46 542.37 542.27 542.14 541.98 541.93 541.8 541.66 541.53 541.4 541.19 540.93 540.78 540.53 540.46 540.58 540.68 540.54 540.49 540.45 540.35 540.28 540.32 540.27 540.22 540.28 540.42 540.48 540.54 540.75 540.97 540.73 540.45 540.8 541.38 541.53 541.58 541.43 541.4 541.29 541.34 541.4 541.5 541.58 541.72 541.77
544.49 544.32 544.18 544.08 543.95 543.85 543.77 543.69 543.63 543.62 543.53 543.46 543.35 543.06 542.81 542.68 542.73 542.8 542.6 542.67 542.47 542.39 542.34 542.22 542.17 542.08 542.02 541.9 541.84 541.78 541.62 541.6 541.44 541.35 541.24 541.03 540.87 540.67 540.61 540.3 540.45 540.48 540.33 540.32 540.28 540.22 540.21 540.14 540.16 540.18 540.08 540.14 540.2 540.27 540.47 540.67 540.78 540.46 540.22 540.84 541.18 541.35 541.12 541.02 541.06 541.01 541.07 541.17 541.26 541.32 541.39 541.43
544.3 544.14 543.99 543.87 543.77 543.64 543.49 543.32 543.21 543.08 543.11 543.16 543.3 543.12 543.06 543.02 542.86 542.72 542.49 542.46 542.28 542.06 541.98 541.93 541.83 541.75 541.68 541.58 541.49 541.41 541.29 541.23 541.1 541.02 540.94 540.73 540.56 540.39 540.39 540.17 540.36 540.32 540.2 540.2 540.06 539.99 540.01 540.01 540.02 540.02 539.92 540.03 540.09 540.17 540.42 540.54 540.61 540.18 540.29 540.85 540.99 541.06 540.83 540.76 540.76 540.76 540.8 540.89 540.94 541.02 541.08 541.13
543.93 543.89 543.68 543.57 543.53 543.57 543.51 543.48 543.4 543.35 543.32 543.24 543.24 543.15 542.98 542.89 542.72 542.48 542.42 542.14 542 541.82 541.7 541.59 541.48 541.46 541.34 541.28 541.26 541.12 541.04 540.95 540.91 540.77 540.58 540.47 540.25 540.12 540.22 540.05 540.14 540.2 539.99 540.06 539.92 539.84 539.83 539.89 539.82 539.81 539.79 539.83 539.9 540.05 540.23 540.3 540.38 539.8 540.38 540.74 540.86 540.6 540.48 540.55 540.56 540.58 540.57 540.57 540.66 540.73 540.78 540.8
544.2 544.09 543.94 543.79 543.63 543.54 543.47 543.41 543.33 543.24 543.15 543.05 543 543.06 542.91 542.74 542.46 542.32 542.23 541.96 541.74 541.63 541.47 541.36 541.31 541.26 541.11 541.06 540.99 540.9 540.84 540.74 540.66 540.48 540.38 540.28 540.09 539.99 540.03 539.88 540 539.9 539.83 539.84 539.76 539.71 539.72 539.75 539.73 539.7 539.68 539.77 539.82 539.96 540.04 540.13 540.06 539.65 540.35 540.52 540.51 540.33 540.32 540.28 540.25 540.29 540.3 540.3 540.34 540.41 540.45 540.46
544.11 544.02 543.9 543.74 543.56 543.45 543.37 543.31 543.25 543.15 543.06 542.91 542.75 542.75 542.71 542.54 542.27 542.28 542.02 541.83 541.68 541.52 541.35 541.16 541.06 540.97 540.95 540.83 540.78 540.7 540.64 540.49 540.44 540.27 540.11 539.94 539.86 539.86 539.92 539.78 539.82 539.77 539.65 539.63 539.59 539.55 539.57 539.59 539.59 539.56 539.59 539.64 539.79 540.02 540.01 540.06 539.79 539.72 540.34 540.3 540.13 540.05 540.08 540.08 540.07 540.05 540.03 540.01 540.06 540.12 540.15 540.17
543.97 543.89 543.8 543.68 543.52 543.4 543.29 543.22 543.15 543.05 542.91 542.78 542.61 542.57 542.57 542.45 542.12 542.08 541.86 541.7 541.48 541.35 541.28 541.11 540.87 540.78 540.69 540.66 540.54 540.45 540.4 540.27 540.14 540.03 539.92 539.75 539.63 539.74 539.76 539.64 539.65 539.56 539.49 539.46 539.37 539.38 539.42 539.46 539.46 539.47 539.45 539.51 539.7 539.81 539.85 539.86 539.61 539.77 540.17 540.14 539.95 539.86 539.86 539.9 539.89 539.84 539.8 539.82 539.82 539.86 539.86 539.89
543.81 543.74 543.65 543.54 543.43 543.3 543.19 543.11 543.04 542.94 542.83 542.67 542.56 542.44 542.44 542.21 542.15 541.97 541.79 541.61 541.39 541.26 541.15 541.05 540.9 540.67 540.52 540.42 540.4 540.25 540.15 540.08 539.94 539.75 539.67 539.52 539.58 539.67 539.64 539.61 539.45 539.42 539.34 539.32 539.24 539.28 539.33 539.3 539.35 539.34 539.38 539.43 539.55 539.69 539.77 539.82 539.45 539.85 540.01 539.8 539.72 539.75 539.69 539.72 539.73 539.72 539.69 539.68 539.67 539.69 539.71 539.77
543.66 543.58 543.49 543.38 543.28 543.17 543.08 542.99 542.91 542.84 542.72 542.61 542.5 542.35 542.2 541.99 542.02 541.85 541.65 541.51 541.32 541.13 541.03 540.93 540.75 540.68 540.46 540.29 540.19 540.08 539.98 539.89 539.7 539.57 539.45 539.4 539.53 539.54 539.44 539.51 539.31 539.25 539.23 539.19 539.11 539.16 539.21 539.19 539.21 539.24 539.25 539.35 539.55 539.57 539.61 539.4 539.29 539.87 539.76 539.55 539.47 539.56 539.62 539.53 539.5 539.47 539.44 539.47 539.44 539.43 539.46 539.47
543.5 543.42 543.34 543.26 543.15 543.04 542.95 542.89 542.79 542.72 542.62 542.53 542.43 542.25 542.1 541.95 541.87 541.69 541.59 541.42 541.22 541.05 540.92 540.77 540.68 540.57 540.39 540.16 540 539.94 539.73 539.66 539.49 539.36 539.32 539.3 539.41 539.42 539.07 539.37 539.17 539.16 539.08 539.04 539.07 539.06 539.11 539.06 539.13 539.12 539.1 539.21 539.41 539.4 539.37 539.05 539.41 539.64 539.53 539.37 539.33 539.38 539.38 539.38 539.33 539.24 539.23 539.22 539.22 539.2 539.22 539.23
543.35 543.26 543.19 543.12 543.01 542.91 542.83 542.74 542.68 542.62 542.51 542.45 542.35 542.15 541.89 541.94 541.83 541.65 541.46 541.27 541.11 540.97 540.76 540.67 540.58 540.42 540.31 540.12 539.89 539.78 539.64 539.51 539.4 539.24 539.2 539.22 539.31 539.31 538.73 539.26 539.06 539.04 538.99 538.96 538.98 538.97 538.99 539.02 539.01 539.01 538.99 539.14 539.3 539.25 538.98 539.22 539.46 539.45 539.38 539.21 539.21 539.17 539.15 539.18 539.2 539.09 539.04 539.02 539.02 539.02 539.03 539.02
543.19 543.12 543.06 542.97 542.87 542.8 542.7 542.63 542.57 542.5 542.38 542.31 542.23 542 541.72 541.94 541.7 541.56 541.37 541.23 541.01 540.8 540.68 540.6 540.44 540.29 540.14 540.02 539.84 539.67 539.59 539.48 539.34 539.16 539.13 539.14 539.24 539.13 538.6 539.13 539.03 538.97 538.89 538.87 538.87 538.89 538.9 538.89 538.92 538.91 538.92 539.02 539.09 539.16 538.72 538.96 539.28 539.26 539.16 539.05 539.06 539.01 538.99 538.97 538.95 538.89 538.88 538.83 538.84 538.85 538.86 538.82
543.04 542.98 542.93 542.84 542.74 542.67 542.61 542.55 542.48 542.39 542.27 542.2 542.08 541.8 541.86 541.92 541.58 541.45 541.28 541.08 540.94 540.75 540.59 540.48 540.34 540.2 540.08 539.92 539.79 539.66 539.43 539.4 539.26 539.22 539.04 539.08 539.02 538.83 538.74 539.02 538.91 538.84 538.81 538.77 538.79 538.76 538.78 538.81 538.85 538.84 538.81 538.95 538.95 539 538.5 538.88 539.1 539.12 539.05 538.89 538.85 538.89 538.87 538.81 538.76 538.71 538.7 538.68 538.69 538.67 538.68 538.67
542.94 542.9 542.83 542.73 542.65 542.59 542.53 542.44 542.36 542.28 542.18 542.09 541.94 541.54 541.9 541.87 541.53 541.36 541.2 541 540.83 540.66 540.56 540.42 540.26 540.12 540.02 539.88 539.68 539.53 539.37 539.21 539.09 539 538.9 538.89 538.98 538.33 538.83 538.91 538.78 538.73 538.71 538.71 538.7 538.7 538.69 538.73 538.76 538.74 538.78 538.75 538.85 538.8 538.49 538.86 539.06 539 538.91 538.69 538.69 538.72 538.75 538.65 538.61 538.55 538.53 538.51 538.49 538.49 538.51 538.52
542.86 542.8 542.74 542.64 542.57 542.48 542.39 542.3 542.23 542.15 542.05 541.97 541.76 541.59 541.91 541.66 541.44 541.26 541.09 540.93 540.74 540.61 540.47 540.33 540.24 540.11 539.96 539.82 539.63 539.41 539.26 539.13 538.98 538.89 538.82 538.82 538.81 538.82 538.86 538.74 538.66 538.64 538.6 538.62 538.62 538.65 538.6 538.66 538.7 538.66 538.68 538.65 538.66 538.62 538.43 538.7 538.83 538.79 538.73 538.55 538.55 538.51 538.6 538.5 538.46 538.41 538.4 538.36 538.33 538.31 538.32 538.32
542.77 542.72 542.63 542.56 542.45 542.35 542.26 542.17 542.1 542.03 541.95 541.82 541.53 541.66 541.9 541.58 541.35 541.26 541.04 540.87 540.7 540.54 540.42 540.28 540.19 540.07 539.96 539.78 539.62 539.41 539.2 539.1 538.91 538.81 538.7 538.68 538.17 538.32 538.68 538.56 538.57 538.53 538.51 538.5 538.5 538.48 538.51 538.57 538.56 538.57 538.57 538.55 538.52 538.54 538.29 538.55 538.66 538.63 538.54 538.42 538.33 538.32 538.28 538.35 538.3 538.28 538.27 538.22 538.18 538.16 538.16 538.15
542.67 542.61 542.53 542.44 542.35 542.26 542.14 542.05 541.98 541.91 541.81 541.6 541.35 541.71 541.64 541.53 541.32 541.11 541 540.82 540.68 540.51 540.39 540.32 540.17 540.03 539.88 539.73 539.57 539.45 539.2 539.03 538.87 538.74 538.65 538.46 538.1 538.55 538.56 538.39 538.4 538.39 538.39 538.34 538.34 538.36 538.36 538.44 538.43 538.44 538.46 538.43 538.42 538.39 538.32 538.21 538.46 538.46 538.36 538.3 538.3 538.11 538.14 538.06 538.15 538.14 538.08 538.05 538 537.99 537.98 537.97
