resources/dgm_10.grd
ncols         207
nrows         201
xllcorner     4489600
yllcorner     5320200
cellsize      10
NODATA_value  -9999
[rows 64 to 95 of 201, columns 72 to 143 of 207]
556.35 556.89 556.27 554.81 553.03 551.33 550.34 549.23 547.79 547.41 547.35 547.2 546.47 545.13 545.12 544.73 544.32 543.96 543.01 541.92 540.95 539.77 538.66 537.35 535.4 533.98 532.69 531.51 530.25 529.41 529.06 527.99 526.74 525.76 525.59 525.45 525.3 525.21 525.42 525.73 525.83 526.42 526.44 526.52 526.71 526.68 526.8 526.7 526.67 526.64 526.7 526.38 526.27 526.24 526.33 525.17 524.51 524.24 523.97 523.83 522.39 521.24 522 522.91 523.44 523.51 523.06 522.62 522.25 522.04 521.95 521.78
559.25 558.33 556.77 555.03 554.22 553.2 552.63 551.93 550.99 550.87 551.11 551.49 550.43 548.85 548.34 548.05 547.16 545.86 544.64 543.88 543.1 541.87 540.93 539.35 537.94 536.6 535.33 534.12 532.69 532.13 530.33 528.98 527.57 526.47 525.88 525.54 525.36 525.26 525.26 525.58 525.7 526.47 526.53 526.63 526.83 526.91 526.94 526.68 526.59 526.5 526.94 526.55 526.43 526.43 526.55 524.61 524.57 524.13 524.06 524 522.61 521.13 520.72 521.59 522.97 523.07 522.53 522.34 522.09 521.76 521.87 521.62
560.56 559.32 557.29 556.29 555.07 554.38 553.75 553.29 552.9 552.76 552.67 551.85 550.88 550.17 549.88 549.14 548.94 548.67 547.13 545.36 544.49 543.78 543.72 541.93 540.72 539.39 537.86 536.51 534.95 533.23 531.77 530.33 528.81 527.12 526.25 525.76 525.5 525.38 525.33 525.6 525.69 526.64 525.7 526.54 527.01 526.97 526.89 526.51 526.48 526.42 526.46 526.44 526.54 526.93 526.46 526.65 524.75 524.32 523.98 524.07 523.29 521.4 520.83 521.94 522.68 521.96 522.27 522.04 521.89 521.96 521.8 521.54
561.45 560.12 558.48 557.25 556.2 555.61 555.07 554.82 554.42 553.97 553.31 552.56 551.55 550.82 550.38 550.6 550.09 549.67 548.95 548.2 546.97 546.93 546.98 545.71 544.03 542.05 539.78 538.66 537.04 535.46 534.02 531.93 529.96 527.83 526.73 526 525.61 525.39 525.33 525.83 525.73 525.76 524.94 526.86 527.03 527.06 526.67 526.48 526.4 526.61 526.42 526.04 526.18 526.23 526.15 525.94 525.44 525.21 524.43 524.23 523.7 521.46 520.62 520.56 521.72 521.89 521.92 521.89 521.73 522 521.63 521.46
561.33 560.2 559.32 558.53 557.52 556.58 555.87 555.57 555.24 554.61 553.86 553.08 552.18 551.36 550.84 550.93 550.93 550.8 549.87 549.29 549.27 549.03 549.29 548.1 545.96 543.17 542.22 540.49 538.9 537.24 535.72 533.85 531.67 528.88 527.38 526.42 525.83 525.5 525.44 525.78 525.81 526.52 526.58 527 527.22 527.13 527 526.9 526.86 526.8 526.7 526.13 526.3 526.15 526.05 525.95 525.52 525.15 524.5 524.28 523.9 523.21 521.02 520.74 520.47 521.43 521.55 521.92 521.45 521.32 521.03 521.25
561.52 560.69 559.87 558.94 557.54 556.73 556.24 555.75 555.36 554.82 554.18 553.42 552.64 551.89 551.51 551.41 551.24 551.11 550.81 550.01 550.03 550.19 549.74 548.63 546.83 545.31 543.55 541.94 540.41 538.72 537.1 535.11 532.31 530.19 528.2 527.06 526.22 525.75 525.82 525.85 526 526.62 526.71 526.49 527.3 527.18 527.13 527.02 526.99 527.05 525.97 525.72 525.92 525.96 525.93 525.86 525.5 525.17 524.63 524.24 523.86 523.53 523.02 521 520.5 520.41 521.38 521.38 519.95 520.41 520.62 520.92
561.49 560.62 559.56 558.45 557.63 556.8 556.23 555.74 555.34 554.86 554.3 553.63 552.9 552.36 551.93 551.87 551.71 551.26 550.92 550.57 550.45 550.36 549.9 549.1 547.5 545.8 544.2 542.65 541.01 539.48 537.68 535.79 532.8 531.08 528.99 527.81 526.83 526.17 526.06 526.24 526.45 526.63 526.76 526.95 527.37 527.21 527.02 527.01 526.96 526.88 525.84 525.66 525.98 526.06 525.85 525.73 525.22 525.29 524.63 524.3 524.12 523.33 523.32 523.72 521.72 521.98 520.4 520.26 519.26 519.69 520.3 520.64
560.34 559.52 558.69 557.83 557.1 556.54 556.14 555.63 555.24 554.77 554.27 553.76 553.17 552.67 552.41 552.14 552 551.62 551.02 550.93 550.77 550.31 549.78 549.25 547.6 545.93 544.24 542.58 541.04 539.27 537.34 535.2 533.19 531.53 529.62 528.44 527.45 526.81 526.67 526.54 526.86 526.72 526.72 526.86 527.37 527.32 527.03 527 526.78 526.48 525.75 525.91 525.73 525.5 525.68 525.37 525.37 525.25 524.49 524.31 524.13 523.25 523.36 522.67 522.39 521.75 520.54 520.33 520.3 520.38 520.15 519.71
558.83 558.39 557.63 557.31 557.36 556.41 556.03 555.54 555.09 554.65 554.23 553.88 553.52 553.08 552.76 552.49 552.15 551.76 551.36 551.03 551.02 550.54 548.56 548.15 546.41 544.3 544.02 541.63 540.23 538.85 537.09 534.75 532.76 531.45 529.87 528.72 528 527.57 527.14 527.05 526.84 526.94 526.9 527 527.28 527.23 527 526.71 526.42 526.11 525.62 525.89 525.7 525.72 525.6 525.1 525.03 524.63 524.11 524.01 523.17 523.09 523.19 522.85 522.04 521.02 521.12 521.16 520.57 520.18 520.24 520.24
557.64 557.2 557.07 556.75 556.43 556.12 555.81 555.36 554.89 554.44 554.2 554 553.86 553.53 553.11 552.72 552.27 551.85 551.49 551.02 550.94 550.52 547.53 547.17 545.23 541.74 540.86 539.88 538.45 537.89 536.02 532.66 531.43 530.74 529.3 528.7 528.2 527.96 527.26 527.07 526.97 526.91 526.95 527.07 527.12 527.2 526.93 526.62 526.36 526.18 526.07 526.09 525.79 525.45 525.11 524.76 524.38 523.99 523.64 523.34 522.92 522.58 522.29 521.89 521.62 521.68 521.17 521.22 520.35 520 520.09 520.25
556.66 556.39 556.3 556.15 555.93 555.78 555.63 555.21 554.74 554.24 554.03 553.94 553.95 553.76 553.36 552.79 552.25 551.68 551.31 550.88 550.67 550.05 547.91 545.13 544.83 540.83 539.27 538.97 537.13 536.09 533.79 531.54 530.92 530.33 528.94 528.39 527.92 527.67 527.18 526.95 527.05 527 526.91 527.01 527.1 527.03 526.78 526.57 526.49 526.31 526.14 525.99 525.79 525.65 525.33 524.89 524.4 524.39 523.71 523.36 523.25 523 522.54 522.51 522.04 521.31 521.14 521.31 520.4 519.88 519.79 520.05
556.12 555.78 555.59 555.46 555.45 555.36 555.31 555 554.55 554.13 553.81 553.8 553.87 553.63 553.33 552.57 551.76 551.14 550.62 550.33 550.24 549.32 548.03 544.7 544.13 539.98 536.49 535.63 534.26 533.82 532.7 530.9 530.77 529.53 528.48 527.85 527.43 527.12 526.81 526.75 526.71 526.83 526.77 526.82 527.02 527.07 526.9 526.83 526.52 526.4 526.38 526.05 525.93 525.79 524.68 524.3 524.32 524.42 523.93 523.62 522.94 523.06 522.7 522.45 522.79 521.31 521.03 520.91 520.59 520.04 519.84 519.8
555.98 555.54 555.14 554.95 554.99 554.99 554.98 554.81 554.36 553.89 553.46 553.55 553.62 553.36 553.06 552.31 551.24 550.17 549.52 549.14 549.22 547.67 544.7 542.34 538.89 538.71 535.8 534.14 533.07 532.45 531.25 530.66 529.8 529 528.44 527.51 527.23 526.92 526.77 526.76 526.84 526.67 526.6 526.67 527.07 527.07 526.98 526.83 526.56 526.64 526.31 524.58 524.5 524.09 524.63 524.18 524.25 524.2 523.74 523.51 523.4 523.16 522.6 522.42 522.13 521.22 521.2 521.17 520.55 520.2 519.89 519.7
556.23 555.61 555.05 554.84 554.81 554.77 554.74 554.78 554.49 553.36 552.99 552.95 553.02 552.94 552.64 551.96 550.65 549.42 548.51 548.27 548.05 546.09 542.28 540.52 538.8 537.07 534.99 533.37 532.23 531.63 530.5 529.82 528.75 528.52 528.09 527.75 527.33 527.44 526.66 526.48 526.42 526.75 526.79 527.16 527.13 527.06 526.91 526.83 526.7 526.86 526.56 526.3 526.1 525.54 524.61 524.89 522.98 523.3 523.66 521.09 522.5 522.01 521.77 521.73 521.45 521.32 521.4 521.22 520.37 520.21 520.09 519.87
556.63 555.96 555.29 555.01 554.85 554.77 554.66 554.63 554.19 552.91 552.17 552.02 552.15 552.17 552.02 551.43 550.37 549.11 547.97 547.47 545.21 543.99 541.38 538.75 537.27 536.27 533.74 532.99 531.6 530.86 530.24 529.62 528.33 528.73 527.82 527.54 527.19 527.29 526.7 526.69 526.55 526.89 526.87 527.13 527.14 526.92 526.97 526.76 526.73 526.78 526.41 526.03 526.1 525.46 524.77 524.47 524.1 523.18 522.64 522.58 522.32 521.59 521.8 521.81 521.14 521.13 521.12 520.69 520.12 520.06 520.01 519.97
557.33 556.54 555.91 555.41 555.16 554.9 554.64 554.47 553.85 552.36 551.45 551.03 551.28 551.5 551.57 551.05 549.18 547.39 546.03 544.66 542.25 540.92 539.09 537.54 535.77 534.19 532.83 531.78 530.67 529.76 529.51 528.31 528.25 527.63 528.69 527 526.98 526.87 526.74 526.63 526.66 526.85 527.05 527.05 526.88 526.86 526.9 526.51 526.69 526.92 526.1 525.38 525.38 525.09 524.11 523.62 523.09 522.59 522.1 521.61 521.28 521.02 520.82 520.67 520.59 520.62 520.51 520.33 519.92 519.85 519.88 519.86
557.92 557.19 556.51 555.95 555.47 555.08 554.72 554.39 553.73 552.09 550.68 550.4 550.05 549.83 547.94 547.61 547.06 546.37 544.12 541.25 541.35 540.16 538.75 536.64 534.73 533.39 531.25 530.88 529.71 528.79 528.31 527.95 527.59 527.32 527.11 526.87 526.89 526.82 526.62 526.76 526.63 526.83 526.89 527.01 527.03 526.73 526.69 526.53 526.32 525.85 525.46 525.08 524.84 524.42 524.39 523.65 523.24 522.55 521.82 521.74 521.23 521.17 520.98 520.87 520.7 520.56 520.29 520.09 520.05 519.84 519.7 519.58
558.26 557.51 556.87 556.27 555.76 555.3 554.82 554.39 553.68 551.81 549.87 548.56 548.62 547.81 546.52 544.76 543.48 542.61 540.91 540.68 539.91 538.66 536.47 534.82 533.94 532.95 530.89 530.45 529.4 528.35 527.99 527.93 527.54 527.42 527.24 526.84 526.79 526.75 526.41 526.65 526.68 527.08 526.92 527.08 526.66 526.87 526.63 526.52 526.4 526.14 525.53 525.53 524.99 524.63 524.5 523.18 523.43 522.7 521.81 521.7 521.11 521.08 521.11 520.98 520.7 520.5 520.38 520.46 520.43 519.96 519.87 519.78
558.35 557.53 556.82 556.32 555.83 555.42 554.98 554.43 553.72 551.72 549.49 548.27 547.43 546.42 544.7 542.67 542.41 540.79 539.96 539.45 537.06 535.91 534.75 533.56 532.23 531.22 530.21 529.47 529.08 528.18 527.72 527.44 527.61 527.47 527.16 527.01 526.78 526.64 526.47 526.65 526.91 526.99 527.05 527.11 526.69 526.69 526.62 526.49 526.61 526.33 525.53 525.58 524.98 524.72 524.3 522.91 523.13 522.14 521.62 521.34 521.08 520.97 521.04 521 520.86 520.89 520.43 520.69 520.4 520.13 520.15 519.92
558.16 557.28 556.46 555.99 555.58 555.31 555.01 554.52 553.76 551.85 549.24 547.9 547.32 545.24 543.3 542.26 540.89 540.8 538.78 537.94 536.31 535.75 533.6 532.54 531.36 530.37 529.51 528.95 527.94 527.96 527.59 527.31 528.32 527.44 527.51 527 527 526.74 526.6 526.82 526.89 527.07 526.87 526.87 526.63 526.55 526.14 526.41 526.16 526.06 525.33 525.2 524.71 523.99 523.21 522.38 521.98 521.56 521.22 520.98 521.13 520.9 520.93 520.78 520.52 520.33 520.2 520.09 520.08 519.87 519.91 519.08
557.58 556.59 555.63 555.21 555.02 554.93 554.75 554.34 553.79 552.02 549.34 547.3 544.99 543.79 542.58 541.02 540.68 540.05 538.18 537.1 535.92 534.08 532.67 532.26 530.61 529.73 529.1 528.53 527.7 527.75 527.47 527.18 527.08 526.86 526.85 527 526.86 526.66 526.68 526.92 526.82 526.8 526.87 526.55 526.43 526.35 525.94 525.9 525.76 525.13 524.67 524.42 523.93 523.36 522.72 522.29 521.79 521.26 520.89 520.77 520.66 520.75 520.42 520.14 520 519.94 519.84 519.72 519.58 519.41 519.4 519.29
556.55 555.66 554.66 554.03 553.94 554.1 554.16 553.91 553.53 552.13 550.06 547.75 544.59 543.56 542.38 540.85 540.21 539.69 537.84 536.43 534.85 534.05 532.35 531.07 530.15 528.77 528.28 527.7 527.4 527.2 527.13 526.93 526.92 526.74 526.68 526.68 526.67 526.47 526.51 526.7 526.79 526.4 526.32 525.99 525.97 525.93 525.45 525.16 524.89 524.57 524.18 523.76 523.25 522.8 522.41 522.13 521.82 521.37 520.92 520.74 520.69 520.62 520.25 519.89 519.77 519.73 519.66 519.59 519.5 519.4 519.3 519.21
555.67 554.9 553.9 552.99 552.77 553.17 553.38 553.25 552.97 552.1 550.15 548.04 545.04 543.77 542.4 540.63 539.99 538.55 536.99 535.24 534.14 532.25 531.97 530.24 528.96 527.83 527.7 526.48 526.36 526.14 526.6 526.41 526.39 526.22 526.56 526.4 526.42 526.37 526.32 526.45 526.26 526.65 524.97 524.88 526.01 525.07 524.83 524.6 524.37 524.06 523.7 523.33 522.91 522.45 522.04 521.67 521.4 521.14 520.99 520.78 520.66 520.3 520.07 519.86 519.73 519.64 519.58 519.5 519.4 519.25 519.13 519.05
554.69 553.68 552.48 551.79 552.08 552.36 552.47 552.33 551.94 550.01 548.45 546.62 544.7 542.84 541.37 540.27 540.29 537.94 536.15 535.11 533.62 532.2 530.89 529.51 527.91 527.74 527.15 526.23 525.97 526.04 525.89 525.71 525.66 525.78 526.22 526.23 526.01 526.78 526.22 526.21 525.63 525.76 525.16 524.79 525.62 524.81 524.4 524.09 523.86 523.62 523.34 523.04 522.68 522.2 521.73 521.29 520.98 520.73 520.54 520.48 520.52 520.18 519.91 519.77 519.67 519.56 519.51 519.43 519.31 519.17 519.11 519.1
554.14 552.7 551.71 551 551.06 551.35 551.38 551.28 550.42 548.48 547.12 545.76 544.16 542.46 540.82 540.33 539.51 536.66 534.99 533.45 532.14 530.2 530.32 526.81 526.52 526.12 525.14 525.41 524.73 525.2 524.82 525.06 525.17 525.61 525.86 525.89 525.98 526.11 525.91 525.39 525.33 525.16 524.77 524.37 524.13 523.95 523.86 523.55 523.33 523.11 522.91 522.64 522.31 521.9 521.44 521 520.67 520.42 520.18 520.08 520.08 519.96 519.78 519.68 519.59 519.53 519.45 519.34 519.22 519.12 519.13 519.14
553.81 552.32 551.33 550.77 550.36 550.13 550.2 549.86 548.51 547.29 546.28 545.03 543.55 541.94 540.37 540.11 537.76 536.11 534.24 533.12 531.24 529.46 527.76 526.61 525.53 524.8 524.72 524.9 524.64 524.56 524.62 524.8 524.8 525.49 526.56 525.76 525.57 525.91 525.87 524.53 524.79 524.54 524.07 523.72 523.47 523.32 523.15 523.02 522.86 522.63 522.44 522.21 521.91 521.52 521.12 520.69 520.41 520.21 520.04 519.9 519.78 519.67 519.58 519.57 519.54 519.45 519.38 519.27 519.19 519.16 519.15 519.19
553.81 552.22 551.58 551.41 551.01 550.1 549.34 548.7 547.15 546.15 544.83 543.86 542.8 541.29 539.71 538.39 537.08 535.1 533.78 532.79 530.54 528.48 527.48 526.21 525.22 524.45 524.38 524.11 523.96 524.03 524.07 524.08 524.54 523.92 524.31 525.49 525.4 526.06 525.33 524.06 524.22 523.83 523.47 523.14 522.96 522.8 522.66 522.51 522.37 522.19 522.01 521.83 521.54 521.14 520.74 520.42 520.18 520.04 519.88 519.76 519.6 519.45 519.44 519.48 519.47 519.39 519.32 519.26 519.25 519.14 519.25 519.17
554.29 553.44 553.07 552.6 552.18 551.29 550.06 548.44 547.34 546.02 544.54 543.54 542.36 540.57 538.87 537.18 535.9 534.41 532.77 531.71 529.54 528.27 527.03 525.98 524.98 524.55 523.9 523.36 523.28 523.2 523.58 523.6 523.97 524.03 524.16 524.19 524.63 524.56 523.85 523.54 523.71 523.24 522.88 522.64 522.46 522.34 522.2 522.05 521.9 521.73 521.61 521.45 521.2 520.81 520.41 520.19 520.01 519.9 519.76 519.66 519.49 519.32 519.28 519.34 519.37 519.36 519.3 519.28 519.16 519.09 518.97 518.69
555.49 555.12 554.4 553.94 553.3 552.17 550.63 548.75 547.33 545.76 544.19 543.17 542.14 540.63 539.22 536.83 535.05 532.96 531.38 529.89 528.36 527.56 526.17 525.75 525.2 524.41 524.03 523.35 523.12 522.8 522.54 523.09 523.02 523.46 523.79 523.95 524.15 524.11 523.5 523.2 523.12 522.67 522.36 522.14 522.02 521.91 521.76 521.64 521.48 521.35 521.24 521.12 520.9 520.52 520.19 519.97 519.86 519.76 519.65 519.52 519.37 519.23 519.19 519.22 519.3 519.37 519.33 519.15 519.11 518.95 518.71 518.71
556.24 556.25 555.57 554.98 554 552.7 550.84 548.82 547.12 545.29 544.1 542.99 541.9 540.35 538.81 535.97 534.07 532.05 530.56 529.06 527.67 526.88 526.23 525.69 525.24 524.5 523.92 522.96 522.55 522.78 522.75 522.58 522.35 522.28 522.24 523.43 523.71 523.78 522.95 522.56 522.53 522.1 521.83 521.63 521.56 521.46 521.34 521.22 521.12 521 520.9 520.78 520.59 520.28 519.97 519.8 519.7 519.66 519.55 519.4 519.23 519.12 519.12 519.17 519.21 519.34 519.17 518.95 518.87 518.81 518.64 518.8
555.64 556.07 555.7 555.02 554.16 553.09 550.88 549.01 546.88 545.11 543.85 542.76 541.37 539.85 538.51 535.14 532.36 531.12 529.85 528.43 527.44 526.69 526.07 525.58 525.06 524.48 523.89 523.72 522.8 522.49 522.59 522.39 522.3 522.55 522.33 522.47 522.45 522.47 522.53 522.07 521.9 521.55 521.32 521.18 521.07 521.01 520.93 520.83 520.73 520.66 520.56 520.47 520.3 520.05 519.8 519.66 519.6 519.55 519.45 519.25 519.1 519.05 519.08 519.1 519.19 519.02 519 518.67 518.67 518.7 518.56 518.65
554.85 555.07 554.57 553.68 552.76 551.93 550.89 548.83 546.38 544.89 543.12 541.89 540.39 539.08 536.05 533.51 531.47 530.29 529.2 528.17 527.38 526.65 526.11 525.55 524.98 524.44 523.95 523.46 522.7 522.29 522.07 522.04 522 521.94 522.15 522.23 522.44 522.41 522.26 521.63 521.44 521.05 520.87 520.73 520.63 520.59 520.54 520.48 520.41 520.34 520.24 520.19 520.03 519.84 519.67 519.53 519.51 519.46 519.39 519.18 518.97 518.94 518.98 519.05 518.97 518.84 518.96 518.66 518.61 518.57 518.6 518.54
