resources/dgm_5.grd
ncols         201
nrows         401
xllcorner     4490660
yllcorner     5320200
cellsize      5
NODATA_value  -9999
[rows 192 to 223 of 401, columns 0 to 71 of 201]
522.14 522.25 521.8 521.93 521.95 521.82 521.93 522.04 522.02 522.01 521.08 521.19 521.05 520.8 520.68 520.58 520.49 520.45 520.39 520.3 520.28 520.26 520.26 520.23 520.22 520.21 520.18 520.16 520.12 520.07 520.05 520.02 520.01 519.99 519.96 519.91 519.86 519.78 519.62 519.56 519.47 519.42 519.39 519.36 519.35 519.35 519.35 519.34 519.29 519.22 519.12 519.04 518.92 518.9 518.91 518.94 518.97 518.96 518.92 518.88 518.83 518.76 518.93 518.67 518.64 518.59 518.51 518.55 518.47 518.46 518.48 518.51
521.91 521.95 521.67 521.68 521.61 521.62 521.5 521.82 521.95 521.98 521.06 521.04 520.89 520.61 520.51 520.42 520.34 520.3 520.23 520.16 520.14 520.12 520.09 520.11 520.09 520.07 520.04 520.02 519.99 519.96 519.93 519.91 519.89 519.87 519.85 519.83 519.76 519.65 519.55 519.46 519.36 519.33 519.27 519.23 519.26 519.27 519.26 519.27 519.24 519.18 519.09 519.04 518.96 518.95 518.95 518.95 518.9 518.86 518.89 518.77 518.68 518.6 518.58 518.63 518.6 518.58 518.47 518.43 518.45 518.4 518.55 518.58
521.6 521.55 521.73 521.43 521.4 521.34 521.32 521.67 521.88 521.96 520.94 520.89 520.71 520.46 520.37 520.28 520.23 520.17 520.07 520.03 519.99 519.97 519.94 519.95 519.96 519.95 519.92 519.91 519.88 519.85 519.82 519.8 519.78 519.77 519.74 519.72 519.67 519.6 519.47 519.36 519.25 519.2 519.16 519.12 519.14 519.14 519.14 519.17 519.16 519.14 519.08 519.06 518.99 518.94 518.9 518.88 518.86 518.84 518.74 518.69 518.64 518.64 518.6 518.56 518.62 518.45 518.37 518.4 518.42 518.42 518.52 518.57
521.24 521.31 521.36 521.41 521.37 521.39 521.42 521.56 521.81 521.92 520.87 520.76 520.63 520.34 520.26 520.18 520.13 520.06 520 519.94 519.91 519.86 519.87 519.86 519.84 519.83 519.83 519.81 519.78 519.76 519.74 519.72 519.69 519.67 519.66 519.61 519.58 519.52 519.39 519.26 519.19 519.09 519.05 519.01 518.99 518.99 519.06 519.11 519.11 519.13 519.11 519.05 518.96 518.88 518.86 518.84 518.66 518.59 518.59 518.69 518.59 518.61 518.62 518.63 518.82 518.69 518.5 518.37 518.29 518.33 518.48 518.3
521.29 521.24 521.19 521.15 521.13 521.16 521.24 521.37 521.72 521.82 520.83 520.72 520.54 520.28 520.18 520.13 520.05 519.99 519.93 519.87 519.83 519.8 519.78 519.76 519.74 519.74 519.74 519.71 519.7 519.68 519.66 519.64 519.63 519.61 519.58 519.56 519.51 519.43 519.32 519.19 519.1 519.08 519.01 518.98 518.98 519.02 519.06 519.08 519.11 519.1 519.04 519 518.9 518.86 518.83 518.67 518.58 518.59 518.63 518.63 518.69 518.84 518.9 518.76 518.7 518.43 518.4 518.49 518.43 518.21 518.29 518.28
521.28 521.24 521.19 521.14 521.12 521.09 521.13 521.34 521.65 521.73 520.79 520.68 520.48 520.27 520.16 520.09 520 519.96 519.93 519.87 519.8 519.73 519.69 519.7 519.69 519.7 519.7 519.66 519.63 519.63 519.61 519.56 519.53 519.54 519.52 519.51 519.47 519.4 519.36 519.26 519.18 519.11 519.03 519 519.02 519.04 519.05 519.04 519.07 519.04 518.99 518.93 518.86 518.66 518.7 518.64 518.61 518.56 518.67 518.43 518.43 518.67 518.76 518.66 518.5 518.49 518.42 518.46 518.31 518.21 518.23 518.23
521.35 521.28 521.25 521.19 521.15 521.13 521.18 521.41 521.59 521.62 520.87 520.69 520.45 520.29 520.19 520.14 520.06 520 519.87 519.86 519.85 519.81 519.75 519.7 519.68 519.67 519.65 519.63 519.59 519.58 519.57 519.56 519.54 519.55 519.54 519.51 519.46 519.4 519.35 519.3 519.24 519.15 519.09 519.07 519.03 519.03 519.01 518.97 518.95 518.95 518.92 518.72 518.62 518.61 518.68 518.59 518.61 518.47 518.45 518.39 518.29 518.42 518.68 518.6 518.47 518.41 518.44 518.37 518.2 518.19 518.18 518.23
521.38 521.32 521.25 521.23 521.18 521.13 521.19 521.42 521.56 521.44 520.99 520.69 520.51 520.34 520.25 520.2 520.14 520.07 520.06 520.02 519.95 519.86 519.8 519.75 519.74 519.69 519.68 519.64 519.62 519.61 519.56 519.52 519.5 519.47 519.46 519.44 519.39 519.4 519.32 519.23 519.17 519.11 519.04 518.98 518.96 518.96 518.9 518.86 518.84 518.71 518.75 518.63 518.59 518.83 518.66 518.58 518.48 518.54 518.58 518.35 518.23 518.41 518.61 518.53 518.53 518.24 518.24 518.28 518.16 518.12 518.19 518.18
521.23 521.23 521.16 521.06 520.94 520.83 520.88 521.28 521.52 521.32 520.78 520.52 520.32 520.22 520.16 520.13 520.12 520.1 520.05 520.05 519.98 519.89 519.85 519.79 519.74 519.7 519.67 519.64 519.6 519.57 519.52 519.48 519.44 519.42 519.39 519.29 519.18 519.08 519.08 519.06 519.04 519.02 518.82 518.7 518.66 518.57 518.68 518.64 518.85 518.61 518.67 518.6 518.6 518.5 518.49 518.52 518.52 518.57 518.6 518.38 518.34 518.43 518.57 518.61 518.46 518.31 518.19 518.17 518.11 518.17 518.16 518.2
520.82 520.78 520.72 520.7 520.72 520.79 520.96 521.3 521.49 521.06 520.75 520.63 520.5 520.33 520.21 520.1 519.99 519.96 519.91 519.81 519.78 519.77 519.78 519.78 519.68 519.64 519.59 519.54 519.5 519.45 519.39 519.29 519.27 519.24 519.18 519.04 518.87 518.88 518.83 518.8 518.79 518.74 518.7 518.58 518.56 518.61 518.5 518.73 518.82 518.67 518.52 518.61 518.55 518.55 518.52 518.48 518.47 518.65 518.43 518.46 518.36 518.55 518.66 518.48 518.36 518.23 518.15 518.12 518.17 518.2 518.11 518.06
520.68 520.63 520.62 520.6 520.61 520.63 520.91 521.39 521.45 520.83 520.58 520.43 520.19 520.01 519.87 519.81 519.75 519.71 519.6 519.54 519.53 519.48 519.57 519.8 519.81 519.61 519.43 519.29 519.14 519.11 519.08 519.01 518.96 518.9 518.85 518.79 518.76 518.73 518.85 518.79 518.73 518.69 518.63 518.67 518.57 518.63 518.64 518.66 518.61 518.45 518.36 518.5 518.47 518.46 518.51 518.47 518.46 518.45 518.62 518.63 518.65 518.49 518.52 518.4 518.31 518.26 518.22 518.17 518.14 518.06 518.04 518.02
520.58 520.55 520.55 520.57 520.61 520.73 521 521.42 521.36 520.67 520.46 520.27 520.01 519.82 519.64 519.55 519.46 519.37 519.33 519.32 519.34 519.26 519.22 519.39 519.66 519.82 519.51 519.12 518.99 518.97 518.94 518.88 518.85 518.82 518.79 518.76 518.67 518.66 518.69 518.74 518.7 518.71 518.59 518.53 518.47 518.44 518.41 518.4 518.62 518.47 518.38 518.37 518.45 518.43 518.54 518.33 518.24 518.45 518.38 518.4 518.35 518.39 518.66 518.37 518.27 518.45 518.18 518.19 518.06 518.08 518.04 518.07
520.55 520.56 520.57 520.62 520.72 520.88 521.22 521.43 521.03 520.5 520.35 520.16 519.89 519.69 519.51 519.35 519.24 519.16 519.09 519.17 519.23 519.25 519.12 519.05 519.26 519.6 519.83 519.46 519.17 518.98 518.93 518.8 518.74 518.7 518.69 518.65 518.64 518.65 518.63 518.68 518.61 518.58 518.49 518.53 518.57 518.36 518.4 518.4 518.49 518.46 518.36 518.41 518.48 518.5 518.46 518.37 518.39 518.39 518.31 518.23 518.25 518.25 518.29 518.57 518.5 518.23 518.11 518.16 518.08 518.08 517.99 518.06
520.61 520.66 520.72 520.83 520.93 521.17 521.43 521.42 520.76 520.38 520.28 520.07 519.78 519.6 519.44 519.24 519.13 519 519.01 519.02 519.08 519.15 519.08 518.95 518.9 519.08 519.44 519.83 519.54 519.22 518.95 518.77 518.67 518.63 518.58 518.58 518.54 518.56 518.59 518.7 518.58 518.72 518.5 518.56 518.56 518.41 518.47 518.47 518.47 518.36 518.24 518.29 518.35 518.43 518.48 518.48 518.33 518.3 518.26 518.19 518.21 518.28 518.29 518.28 518.22 518.41 518.11 518.05 518.11 518.03 518.01 518.04
520.79 520.85 520.93 521.11 521.38 521.47 521.4 521.31 520.57 520.31 520.21 519.98 519.72 519.56 519.34 519.17 519.06 518.93 518.89 518.92 518.95 519.07 519.04 518.94 518.79 518.8 518.95 519.29 519.67 519.61 519.22 518.88 518.65 518.57 518.5 518.46 518.46 518.46 518.52 518.6 518.59 518.53 518.52 518.49 518.33 518.31 518.33 518.65 518.77 518.23 518.2 518.37 518.57 518.35 518.38 518.34 518.33 518.28 518.26 518.24 518.24 518.27 518.22 518.31 518.28 518.36 518.13 518.12 518.02 518.01 518.04 517.93
521.03 521.08 521.36 521.62 521.57 521.54 521.32 520.97 520.43 520.26 520.13 519.9 519.74 519.56 519.32 519.09 518.92 518.85 518.79 518.83 518.86 518.96 518.93 518.94 518.82 518.7 518.76 518.92 519.17 519.56 519.62 519.2 518.89 518.59 518.46 518.41 518.39 518.38 518.41 518.5 518.52 518.36 518.41 518.4 518.41 518.31 518.65 518.78 518.76 518.34 518.13 518.28 518.27 518.29 518.34 518.31 518.27 518.33 518.24 518.17 518.2 518.2 518.18 518.43 518.18 518.19 518.08 518.18 518.01 518.03 518 517.93
521.42 521.74 521.64 521.36 521.29 521.29 521.25 520.62 520.32 520.24 520.11 519.8 519.69 519.61 519.4 519.15 518.92 518.81 518.73 518.73 518.75 518.82 518.86 518.78 518.86 518.71 518.66 518.7 518.78 519.1 519.51 519.69 519.25 518.87 518.53 518.43 518.35 518.33 518.33 518.46 518.32 518.48 518.49 518.32 518.33 518.39 518.56 518.58 518.48 518.32 518.18 518.23 518.23 518.26 518.34 518.3 518.25 518.31 518.22 518.2 518.31 518.18 518.11 518.4 518.36 518.09 518.16 518.1 518.04 518.11 518.17 518.16
521.88 521.44 521.21 521.12 521.14 521.23 521.11 520.44 520.28 520.23 520.02 519.76 519.65 519.52 519.47 519.19 518.92 518.82 518.68 518.62 518.68 518.74 518.85 518.71 518.77 518.82 518.75 518.66 518.69 518.72 518.93 519.31 519.65 519.3 518.88 518.51 518.37 518.32 518.29 518.45 518.4 518.45 518.39 518.29 518.24 518.36 518.29 518.35 518.27 518.19 518.15 518.25 518.18 518.16 518.21 518.24 518.16 518.2 518.19 518.18 518.14 518.17 518.06 518.07 518.07 518.11 518.14 518.11 518.08 518.17 517.47 518.34
521.47 521.14 521.03 520.98 520.96 521.18 520.75 520.36 520.26 520.25 519.99 519.76 519.61 519.49 519.44 519.32 519.06 518.87 518.65 518.58 518.61 518.66 518.81 518.67 518.7 518.69 518.67 518.66 518.68 518.65 518.67 518.74 519.05 519.53 519.32 518.84 518.44 518.35 518.3 518.44 518.23 518.26 518.26 518.26 518.27 518.36 518.21 518.25 518.23 518.24 518.3 518.15 518.1 518.14 518.17 518.37 518.26 518.41 518.27 518.2 518.14 518.11 518.05 518.07 518.11 518.09 518.12 518.18 518.12 517.9 518.34 518.46
521.28 521.03 520.96 521 521.14 521.14 520.52 520.31 520.27 520.22 519.95 519.78 519.64 519.5 519.47 519.37 519.18 518.9 518.64 518.58 518.57 518.59 518.74 518.63 518.61 518.7 518.54 518.57 518.57 518.61 518.57 518.56 518.64 518.99 519.35 519.37 518.79 518.46 518.32 518.39 518.4 518.36 518.36 518.24 518.27 518.26 518.41 518.32 518.21 518.16 518.24 518.3 518.16 518.03 518.09 518.19 518.33 518.24 518.23 518.22 518.13 518.24 518.04 518.11 518.04 518.01 518.16 518.3 518.39 517.7 518.07 518.08
521.21 521.09 521.01 521.04 521.26 521.05 520.47 520.35 520.33 520.24 519.96 519.79 519.62 519.49 519.5 519.48 519.28 518.94 518.58 518.53 518.6 518.6 518.66 518.6 518.58 518.69 518.54 518.49 518.47 518.5 518.48 518.46 518.49 518.53 518.81 519.3 519.26 518.77 518.38 518.3 518.43 518.38 518.3 518.32 518.35 518.37 518.34 518.23 518.22 518.04 518.06 518.06 518.21 518.08 518.2 518.25 518.25 518.23 518.21 518.42 518.24 518.08 518.09 518.11 517.97 518.01 518.14 517.98 518.02 518.06 518.06 518.61
521.12 521.15 521.04 521.09 521.23 520.84 520.48 520.43 520.38 520.24 519.98 519.81 519.61 519.52 519.57 519.51 519.27 518.87 518.59 518.47 518.49 518.58 518.59 518.61 518.56 518.57 518.5 518.47 518.38 518.41 518.42 518.41 518.44 518.44 518.47 518.67 519.12 519.29 518.64 518.43 518.37 518.49 518.42 518.5 518.52 518.35 518.3 518.24 518.16 518.07 518.1 518.02 518.02 518.02 518.23 518.07 518.2 518.22 518.22 518.27 518.19 518.22 518.15 517.83 517.86 517.86 517.82 517.94 518.13 518.15 518.22 519.43
521.17 521.13 521.14 521.22 521.25 520.71 520.5 520.49 520.46 520.26 520.03 519.86 519.67 519.62 519.59 519.5 519.22 518.92 518.64 518.51 518.48 518.48 518.58 518.61 518.62 518.49 518.47 518.41 518.36 518.47 518.53 518.5 518.39 518.33 518.48 518.4 518.56 518.78 519.04 518.84 518.56 518.64 518.64 518.65 518.51 518.34 518.26 518.28 518.22 518.26 518.1 518.04 518.1 518.03 517.99 518.24 518.22 518.21 517.89 517.73 517.88 517.92 517.96 517.87 517.81 517.85 517.83 517.92 518.01 518.23 519.53 519.39
521.27 521.2 521.21 521.28 521.23 520.64 520.57 520.56 520.57 520.38 520.22 520.05 519.85 519.78 519.65 519.45 519.15 518.91 518.72 518.62 518.53 518.49 518.48 518.61 518.6 518.38 518.54 518.41 518.53 518.5 518.43 518.42 518.57 518.4 518.43 518.35 518.48 518.67 519.01 518.29 518.28 518.7 518.64 518.69 518.44 518.3 518.26 518.28 518.28 518.49 518.64 518.09 518.14 518.28 517.76 517.8 518.09 517.89 517.86 517.87 517.88 517.9 517.93 517.9 517.85 517.86 517.86 517.96 518.18 518.69 519.55 518.53
521.34 521.28 521.29 521.4 521.11 520.66 520.62 520.63 520.61 520.37 520.28 520.09 519.9 519.76 519.68 519.44 519.13 518.9 518.85 518.58 518.64 518.51 518.49 518.47 518.6 518.59 518.56 518.22 518.28 517.97 518.25 518.26 517.95 517.82 517.72 518.08 518.44 518.77 518.89 518.06 518.12 517.99 518.63 518.65 518.56 518.31 518.35 518.36 518.48 518.33 517.9 517.78 518.03 518.03 518.09 518.02 517.94 517.91 517.95 517.87 517.86 517.83 517.86 517.87 517.89 518.03 518.05 518.17 518.5 519.75 519.23 519.1
521.43 521.4 521.48 521.5 520.96 520.62 520.62 520.6 520.53 520.35 520.25 520.03 519.82 519.68 519.71 519.55 519.22 519.04 518.87 518.72 518.75 518.72 518.67 518.64 518.61 518.41 518.72 518.6 518.45 518.3 518.25 518.19 518.19 518.17 518.14 518.13 517.85 518.6 518.71 518.93 518.19 518.14 518.11 518.37 518.63 518.28 518.34 518.21 517.56 518.16 518.12 518.1 518.05 518.08 518.08 518.02 517.87 517.86 517.86 517.86 517.84 517.85 517.96 517.96 518.21 518.34 518.4 518.54 519.53 519.64 519.27 519.4
521.56 521.51 521.59 521.54 520.82 520.59 520.54 520.5 520.42 520.29 520.2 520.01 519.86 519.73 519.74 519.49 519.24 519.09 518.91 518.83 518.72 518.72 518.85 518.78 518.12 518.85 518.52 518.3 518.17 518.13 518.2 518.17 518.16 518.07 518.07 518.09 518.15 517.7 518.7 518.48 518.86 518.46 518 518.01 518.7 518.43 517.76 518.1 518.06 517.99 518.04 518.06 518.05 518.1 518.03 517.91 517.79 517.86 517.85 517.86 517.9 518.02 518.04 518.27 518.48 518.53 518.71 519.18 519.78 519.05 519.49 519.67
521.56 521.6 521.69 521.3 520.66 520.5 520.43 520.4 520.28 520.18 520.12 520 519.92 519.85 519.79 519.46 519.22 519.17 518.93 518.79 518.82 518.91 518.96 518.52 518.82 518.62 518.56 518.47 518.24 518.17 518.19 518.16 518.15 518.07 518 518.02 518.08 518.14 517.62 518.55 518.54 518.79 518.87 518.84 518.53 517.79 518.18 518.05 518.1 518.09 518.02 518.08 518.1 517.98 517.92 517.83 517.86 517.92 517.87 517.9 518.03 518.06 518.3 518.59 518.71 518.86 519.04 520.05 519.38 519.52 519.82 520.01
521.59 521.77 521.79 521.05 520.49 520.39 520.33 520.28 520.15 520.13 520.09 520.04 519.96 519.9 519.71 519.49 519.24 519.2 519.05 518.87 518.44 518.29 518.88 518.81 518.67 518.43 518.37 518.34 518.31 518.33 518.16 518.18 518.14 518.08 518 517.97 518.01 517.99 518.16 517.84 518.45 518.6 518.62 518.33 517.75 518.01 518.06 518.01 517.93 517.9 518.05 517.97 517.91 517.84 517.86 517.86 517.86 517.93 518.04 518.05 518.22 518.35 518.72 518.87 518.98 519.09 520.03 519.95 519.81 519.83 520.14 520.34
521.66 521.86 521.85 520.78 520.36 520.3 520.27 520.19 520.04 519.96 519.88 519.91 519.94 519.82 519.64 519.19 518.79 518.7 519.01 518.87 518.79 518.8 518.79 518.7 518.51 518.38 518.27 518.23 518.25 518.21 518.23 518.18 518.12 518.08 517.99 517.95 517.97 517.95 517.95 518.16 518.07 517.97 518.05 517.99 518.09 518.08 517.96 517.92 517.87 517.85 517.96 517.85 517.87 517.85 517.86 517.94 517.94 518.04 518.11 518.37 518.47 518.67 518.91 519.14 519.28 519.52 520.11 519.59 519.92 520.16 520.43 520.72
521.89 521.95 521.52 520.62 520.28 520.2 520.11 519.97 519.88 519.77 519.73 519.68 519.63 519.2 518.91 519.23 519.61 519.11 518.76 518.65 518.6 518.49 518.44 518.5 518.37 518.31 518.26 518.19 518.28 518.17 518.2 518.15 518.16 518.05 518.01 517.97 517.92 517.93 517.89 517.96 518.18 517.8 518.09 518.1 518.06 517.98 517.91 517.85 517.82 517.83 518.03 517.89 517.92 517.89 518 517.93 518.04 518.2 518.34 518.53 518.75 518.86 519.12 519.3 519.54 520.47 519.89 520.08 520.19 520.49 520.83 521.09
522.03 522.05 521.19 520.53 520.3 520.09 519.88 519.77 519.6 519.48 519.25 519.07 519.28 519.15 519.08 519.16 518.95 518.9 518.65 518.56 518.5 518.41 518.33 518.37 518.37 518.24 518.23 518.28 518.21 518.08 518.04 518.19 518.15 518.09 518.04 517.97 517.95 517.92 517.94 518.03 517.62 518.15 518.07 518.1 517.99 517.95 517.91 517.87 517.81 517.94 518 517.82 517.9 518.02 518.05 518.16 518.3 518.47 518.64 518.8 518.98 519.07 519.26 519.46 520.26 520.2 520.19 520.34 520.58 520.86 521.16 521.44
