resources/dgm_10.grd
ncols         207
nrows         201
xllcorner     4489600
yllcorner     5320200
cellsize      10
NODATA_value  -9999
[rows 128 to 159 of 201, columns 72 to 143 of 207]
567.37 563.57 562.8 561.36 559.42 558.48 557.33 555.62 553.61 549.81 546.15 544.04 542.97 541.93 540.83 540.57 541.58 541.96 541.43 539.78 532.99 531.23 529.85 527.16 526.16 525.06 524.62 524.37 521.58 520.38 519.85 519.71 519.6 519.48 519.33 519.2 519.1 518.98 518.96 518.95 518.92 518.88 518.84 518.76 518.62 518.44 518.49 518.62 518.88 519.29 519.55 520.16 520.92 521.31 521.55 522.79 522.93 523.67 524.26 526.29 528.59 530.06 531.74 533.54 535.47 538.9 542.59 544.39 545.36 545.7 545.43 545.1
569.44 565.06 565.13 563.06 560.95 559.59 558.05 556.61 555.15 551.27 547.37 545.49 544.33 543.47 543.16 543.94 544.73 544.81 543.73 541.35 534.01 531.78 530.4 528.15 526.86 526.1 524.58 523.94 521.7 520.59 520.05 519.71 519.59 519.43 519.36 519.23 519.13 519.03 518.94 518.94 518.91 518.9 518.83 518.7 518.64 517.9 518.66 518.78 519.19 519.56 520.19 521 521.39 522.66 523.64 523.89 523.8 524.62 525.99 528.13 529.34 531.52 532.95 534.12 535.5 538.81 543 544.83 545.37 546.09 545.4 544.97
571.17 567.42 567.12 565.2 562.39 560.5 558.98 557.42 555.86 552.09 548.77 547.95 547.25 546.59 546.99 547.97 547.94 547.24 545.37 543.82 536.98 533.04 530.96 529.13 527.68 526.61 524.81 523.66 521.7 520.99 520.35 519.83 519.62 519.46 519.34 519.25 519.23 519.09 518.96 518.91 518.88 518.86 518.84 518.74 518.27 518.55 518.9 519.17 519.54 520.08 520.99 521.46 521.72 522.16 524.07 523.99 524.75 525.76 527.75 529.7 531.29 532.71 533.63 534.54 535.55 538.27 541.85 544.53 544.99 545.22 545.2 544.53
570.81 571.2 569.37 567.12 564.28 561.61 559.78 558.34 555.64 552.47 551.51 550.83 550.27 550.38 550.91 551.58 550.59 549.3 547.66 545.81 540.68 533.35 531.79 529.36 528.06 526.85 525.62 523.37 521.87 521.32 520.63 520.02 519.78 519.54 519.4 519.28 519.23 519.16 519.07 519.06 519.05 518.99 518.89 518.73 517.99 519.01 519.27 519.48 519.82 520.96 521.52 521.73 521.93 522.92 523.81 524.64 525.75 527.42 529.34 530.97 532.42 533.8 534.46 534.69 535.99 538.2 540.98 544.38 544.52 544.42 544.37 544.08
573.85 572.37 570.48 568.12 565.85 562.51 560.37 558.68 555.6 554.85 554.36 553.91 553.48 553.64 553.86 553.45 552.38 551.38 549.59 547.88 543.56 535.48 532.46 530.92 528.56 527.92 523.72 523.19 522.19 521.5 521.01 520.29 519.97 519.73 519.55 519.38 519.26 519.21 519.13 519.07 519.11 519.03 518.96 518.6 519.1 519.4 519.59 519.84 520.7 521.42 521.67 522.05 522.46 524.45 524.21 525.11 526.77 528.4 529.95 531.79 533.38 534.29 534.88 535.32 536.8 538.89 541.01 544.23 545.42 544.8 544.26 543.83
575.96 573.01 570.49 568.01 565.78 562.87 560.67 559.61 557.74 557.39 556.88 556.62 556.1 555.92 555.51 554.82 553.91 552.75 551.46 550.08 545.86 537.57 533.4 531.48 529.38 528.55 524.17 523.26 522.54 521.49 521.21 520.14 520.18 519.87 519.7 519.57 519.35 519.27 519.24 519.16 519.11 519.09 518.92 518.21 519.53 519.75 519.93 520.46 521.13 521.6 522.04 522.47 524.13 524.22 524.9 525.6 527.61 528.96 530.33 532.08 533.31 534.64 535.5 536.74 538.06 539.35 542.43 545.04 545.71 545.49 544.94 544.4
577.27 573.12 569.93 567.71 565.38 563.41 562.21 561.5 560.15 558.91 558.4 558.04 557.85 557.33 556.61 556.02 555.19 554.37 553.08 551.88 548.49 539.86 533.6 531.52 529.5 527.38 526.73 524.52 522.92 522.07 520.97 520.37 519.97 520.07 519.64 519.52 519.26 519.09 519.2 519.13 519.15 519.09 518.72 519.17 519.69 519.91 520.37 520.99 521.57 522.11 522.58 523.22 524.86 524.74 525.45 526.87 528.26 528.79 530.59 532.41 533.7 534.92 536.47 538.24 539.28 540.74 543.78 545.54 545.84 545.89 545.8 545.62
577.35 573.2 570.02 568.16 566.33 565.25 563.87 562.7 561.83 560.18 559.78 559.45 559.07 558.52 557.91 557.28 556.35 555.6 554.79 553.79 550.02 540.01 535.13 531.81 530.14 528.47 527.65 525.15 524.19 522.49 521.24 520.33 520.02 519.76 519.14 519.17 519.27 518.91 518.71 518.94 518.73 518.33 518.44 519.47 519.81 520.1 520.69 521.4 522.01 522.75 523.5 524.53 524.65 525.28 526.97 528.83 529.48 529.42 531.56 533.26 535.05 536.43 537.88 539.04 540.13 542.28 544.86 545.86 545.9 545.99 545.98 545.9
578.21 574.99 571.56 569.44 568.16 567.03 565.92 564.48 563.2 562.25 561.29 560.64 560.11 559.7 559.1 558.36 557.61 556.7 555.72 554.44 548.37 539.87 533.72 532.12 530.62 528.73 528.07 526.49 524.48 522.72 521.44 520.52 519.95 519.64 519.51 519.42 519.45 519.39 519.35 519.21 518.93 518.73 519.25 519.64 519.84 520.18 521.02 521.84 522.6 523.26 524.08 525.31 525.03 526.09 528.83 530.84 531.23 530.66 532.15 535.09 535.96 537.19 539.13 539.83 540.83 542.8 545.26 545.98 546.26 546.27 546.36 546.18
580.4 576.88 573.74 571.34 570.3 568.82 567.33 566.15 564.69 563.37 562.36 561.44 560.55 559.62 558.41 556.99 555.94 554.89 553.75 552.64 548.74 539.45 533.88 532.74 530.59 528.82 528.03 527.04 524.48 523.45 521.82 520.86 519.85 519.67 519.58 519.41 519.33 519.23 519.42 519.29 519.25 518.64 519.47 519.73 519.92 520.51 521.31 522.32 523.17 523.91 524.55 525.23 525.76 528.54 531.54 532.12 531.93 532.64 534.26 535.51 536.75 537.79 539.24 540 541.23 543.36 545.29 546.21 546.37 546.41 546.45 546.27
582.25 578.79 575.4 573.53 572.06 570.73 569.42 567.87 566.03 564.74 563.03 561.81 560.34 558.68 556.74 554.25 552.24 550.94 549.64 548.19 546.76 538.3 533.41 532.73 531.42 529.13 527.94 526.74 524.53 523.43 521.78 521.24 519.81 519.65 519.52 519.38 519.29 519.39 519.34 519.2 518.94 519.19 519.59 519.83 520.2 520.88 521.78 522.79 523.73 524.48 525.61 525.86 527.56 531.22 532.64 532.67 533.02 534.13 535.65 536.51 537.75 539.31 539.45 540.61 542.48 544.34 545.66 546.17 546.23 546.22 546.34 546.25
583.12 579.42 576.54 574.98 573.52 572.55 572 569.97 567 564.97 563.31 561.75 559.84 557.9 555.69 553.08 550.52 548.32 545.78 543.96 541.97 539.7 536.79 533.68 532.13 529.62 528.12 526.59 524.64 523.38 522.26 521.22 520.07 519.65 519.38 519.3 519.01 519.17 519.33 519.16 518.9 519.47 519.77 519.9 520.46 521.21 522.13 523.24 524.3 525.14 525.81 527.05 529.48 532.14 533.46 533.35 534.25 535.24 536.32 537.86 538.18 539.39 540.25 541.89 544.42 545.42 545.98 546.19 546.57 546.33 546.25 546.05
584.25 580.74 577.51 576.2 574.85 574.43 573.11 569.02 566.28 564.74 563.12 561.34 559.35 557.33 555.49 553.5 551.87 549.78 546.96 544.04 540.73 537.82 535.67 533.2 532.35 529.77 528.2 526.5 524.73 523.31 522.49 521.29 520.48 519.66 519.5 519.49 519.43 519.27 519.03 518.43 519.1 519.63 519.84 520.15 520.73 521.47 522.49 523.63 524.71 525.84 527.18 528.48 531.07 532.9 533.98 534.44 535.65 536.34 537.01 537.85 538.73 539.6 540.56 542.8 544.66 545.07 545.68 546.08 546.29 546.13 545.64 545.2
585.54 582.7 579.95 578.65 576.89 575.43 572.48 568.4 566.21 564.76 562.91 560.99 559.57 557.58 556.2 554.64 552.97 551.06 548.78 545.2 541.17 537.77 535.21 533.35 531.57 529.45 527.87 525.96 524.46 523.09 522.23 521.12 520.23 519.88 519.66 519.5 519.4 519.22 518.99 518.87 519.3 519.67 519.86 520.33 520.93 521.83 522.79 523.95 525.15 526.23 527.76 530.49 532.15 533.91 534.47 535.29 536.04 536.84 537.68 538.49 539.11 539.99 541.04 542.78 543.51 544.14 545.13 545.86 545.96 545.72 545.03 543.95
586.58 584.75 583.21 581.46 578.78 575.12 571.65 569.18 566.94 565.07 563.14 561.32 559.89 558.28 557 555.76 554 552.37 550.81 547.95 543.03 538.01 534.36 532.87 531.13 528.95 527.37 525.41 524.12 522.79 521.99 521.22 520.51 519.81 519.93 520.01 519.84 519.57 518.76 519.05 519.36 519.67 519.86 520.29 521.14 522.14 523.26 524.45 525.71 526.16 528.9 531.75 533.57 534.41 535.11 535.85 536.49 537.46 538.39 538.97 539.51 539.66 540.79 541.61 541.87 543.19 544.55 545.51 545.79 545.45 545.08 544.53
587.75 586.01 584.5 582.72 580.48 576.69 572.73 569.98 568.46 565.69 563.83 562.07 560.91 559.31 558.05 556.45 555.41 554.06 552.05 548.14 542.62 537.41 534.32 532.77 530.84 528.42 526.76 525.14 523.73 522.56 521.8 521.12 520.36 519.79 519.79 519.79 519.45 519.39 518.23 519.34 519.52 519.67 519.83 520.3 521.35 522.55 523.77 525.03 526.36 526.6 529.92 532.87 534.26 534.74 535.53 536.25 537.63 538.7 539.4 540.01 540.3 540.09 542.27 542.45 542.08 543.16 544.34 545.24 546.01 545.8 545.74 545.55
589.02 587.63 586.22 583.56 581.18 578.36 575.61 572.49 570.14 568.62 565.98 563.74 562.09 560.67 559.07 557.54 556.24 554.45 551.74 547.06 541.52 537.27 534.11 532.87 529.93 527.91 526.31 524.9 523.47 522.4 521.67 521.1 520.38 519.83 519.7 519.81 519.75 519.45 518.4 519.19 519.52 519.63 519.86 520.43 521.63 522.98 524.32 525.58 527.04 527.88 531.39 533.11 534.78 535.54 536.34 536.8 538.36 539.2 539.85 540.91 541.83 542.28 543.54 543.49 543.05 543.38 544.41 545.51 546.02 546.18 546.28 546.53
590.39 589.44 587.3 584.65 581.63 578.58 577.53 575.95 573.35 571.15 569.17 566.17 563.9 562.27 560.51 558.55 556.69 554.66 551.42 546.51 541.52 538.41 535.17 533.2 530.17 527.8 526.19 524.83 523.3 522.32 521.63 521.16 520.09 519.88 519.78 519.66 519.61 519.69 517.94 519.28 519.59 519.69 519.86 520.66 521.85 523.3 524.86 526.96 526.93 529.1 532.64 533.8 535.68 536.79 537.04 537.93 539.17 539.19 540 541.45 542.88 543.5 543.96 543.2 542.9 543.59 544.77 545.78 546.28 546.73 547.26 547.8
590.22 589.78 587.48 585.44 582.88 579.25 577.43 578.17 575.52 571.58 569.42 568.14 565.79 563.48 561.68 559.56 557.52 554.71 551.2 547.07 542.93 539.19 536.05 533.49 530.57 528.13 526.58 525.17 523.33 522.37 521.61 521.12 520.21 519.91 519.79 519.74 519.77 519.55 518.43 519.3 519.63 519.76 520 521.01 522.22 523.67 525.19 527.41 527.11 530.55 532.5 534.48 536.4 538.14 538.38 538.66 539.29 539.64 540.48 541.73 543.24 544.01 543.77 541.87 541.95 543.79 545.47 546.63 547.33 547.68 548.25 548.67
590.31 590.06 587.72 586.01 583.97 580.03 577.24 577.52 577.22 573.98 571.32 568.97 566.8 564.12 562.08 560.04 557.96 555.2 552.61 550.09 545.61 540.37 535.69 533.59 530.87 528.61 527.15 525.89 523.55 522.62 521.74 521.16 520.31 520.04 519.88 519.72 519.53 519.64 518.98 519.36 519.63 519.81 520.27 521.29 522.51 524.02 525.4 527.38 527.25 530.91 531.92 533.77 536.06 538.13 538.36 538.49 538.87 539.37 540.47 541.95 543.45 544.44 543.89 541.7 541.7 544.14 546.53 547.95 548.28 548.62 548.87 549.12
590.75 590.12 587.77 585.82 583.33 579.42 576.23 574.98 575.38 574.63 571.92 568.6 565.57 563.39 561.85 559.66 557.68 555.74 553.35 551.28 546.73 541.05 535.8 533.66 531.53 529.23 527.63 526.08 523.84 522.78 521.82 521.37 520.31 520.02 519.81 519.88 519.96 519.7 519.21 519.5 519.71 519.93 520.46 521.57 522.68 524.08 525.66 527.61 527.56 530.68 532.05 532.93 534.61 536.58 537.7 537.34 538.09 539.19 540.49 542.05 543.64 544.6 544.7 543.68 543.03 545.43 547.72 548.9 548.85 548.92 549.03 549.13
590.9 589.48 586.52 584.36 581.59 577.95 574.87 572.96 572.29 572.83 571.04 567.76 564.17 562.45 560.56 558.33 556.43 554.56 551.92 548.51 544.15 540.01 536.34 533.7 532.51 529.86 528.07 526.41 524.05 522.94 521.88 521.52 520.53 520.26 520.02 519.92 519.76 519.75 519.37 519.43 519.73 519.95 520.69 521.76 522.82 524.11 525.72 527.5 527.59 530.86 532.02 532.67 533.56 535.7 536.86 536.1 537.36 538.8 540.19 541.4 543.25 544.69 545.66 545.5 545.34 546.64 548.2 548.95 548.81 548.89 549.1 549.06
590.25 588.22 584.84 582.02 579.53 576.64 573.91 572.37 570.66 569.96 569.3 566.93 564.06 562.19 559.61 557.12 554.25 551.8 549.15 545.65 542.3 539.84 537.22 534 532.98 530.15 528.37 526.75 524.42 523.15 522.13 521.65 520.94 520.07 519.93 519.9 519.76 519.78 519.63 519.54 519.76 520.08 520.73 521.75 522.8 524.06 525.7 527.13 527.68 530.56 532.2 533.61 534.41 535.68 536.99 536.96 537.46 538.7 539.53 539.7 541.63 544.11 545.61 545.61 545.93 547.12 548.07 548.84 548.77 549.13 549.06 548.72
589.61 587.2 583.55 580.54 577.92 575.69 573.73 571.91 570.12 567.88 566.19 564.95 564.17 562.16 559.62 556.62 553.61 550.83 549.07 546.87 543.41 539.7 536.86 533.99 532.62 529.58 528.22 526.59 524.38 523.37 522.23 521.67 521.19 520.36 520.13 519.8 519.76 519.86 519.66 519.51 519.87 520.13 520.66 521.49 522.68 524.08 525.49 527.01 527.77 530.46 532.45 534.53 536.3 536.93 536.95 536.98 537.5 538.65 539.65 539.23 539.59 542.31 544.51 545.01 545.79 547.19 548.7 549.32 549.31 549.55 549.1 547.84
588.88 586.75 583.67 580.55 577.86 575.88 574.12 572.16 570.2 568.08 565.28 562.49 562.15 561.06 559.42 557.16 554.65 552.37 551.18 549.95 544.72 539.7 535.59 534.15 531.99 529.56 527.9 526.64 524.72 523.57 522.52 521.8 521.59 520.53 520.21 520.07 519.92 519.84 519.54 519.64 519.9 520.12 520.42 521.27 522.59 524.03 525.41 526.84 528.05 531.02 533.12 535.14 537.5 537.94 536.71 536.7 537.52 539.97 540.92 540.75 539.66 540.46 543.1 544.19 546.02 547.6 549.19 549.59 549.67 549.77 548.71 546.77
587.83 586.6 584.74 581.4 578.29 576.2 574.58 572.63 570.26 567.39 564.38 561.31 558.8 558.24 556.63 554.79 553.42 552.64 551.5 548.82 544.06 539.72 535.36 534.18 531.25 529.36 527.94 526.91 525.46 523.96 522.91 522.04 521.97 521.08 520.36 520.13 519.96 519.86 519.63 519.48 520.13 520.26 520.69 521.45 522.71 523.77 524.97 526.5 528.19 531.32 534.79 536.01 538.17 539.18 537.97 537.76 538.98 541.41 542.77 541.71 540.31 538.8 540.92 543.4 545.96 547.75 549.51 549.95 549.86 549.82 548.48 546.47
586.15 585.58 584.85 582.01 579.06 576.93 574.95 573.18 571.1 567.95 564.01 560.01 557.61 554.67 554.26 552.49 551.37 551.19 551.26 550.36 545.44 540.47 535.53 533.96 531.48 529.78 528.6 527.3 526 524.58 523.44 522.5 522.15 521.61 520.56 520.05 520.02 519.92 519.74 518.56 519.9 520.24 520.63 521.5 522.89 523.83 525 526.5 528.46 531.21 534.76 536.83 538.38 539.7 538.88 538.76 540.13 541.89 543.76 543.22 541.48 540.08 540.2 543.18 546.05 548.21 549.97 550.1 549.86 549.71 548.64 547.38
585.13 585.24 585.27 583.77 580.58 578.13 576.3 574.36 572.52 569.13 563.88 559.96 558.48 555.93 551.4 549.96 550.27 549.58 549.41 550 548.35 542.53 535.9 533.93 532.17 530.79 529.35 527.72 526.42 525.24 524.09 523.19 522.5 522.42 521.15 520.44 520.19 520.04 519.84 518.69 519.99 520.18 520.62 521.68 523.47 524.14 525.33 526.5 528.6 529.92 533.8 537.05 539.36 540.1 539.4 539.32 540.65 542.38 544.23 544.67 543.78 543.25 541.33 543.57 546.5 548.85 550.1 549.76 549.06 549.16 548.66 548.33
586.01 585.95 585.69 584.41 581.69 579.07 577.07 576.06 574.06 569.99 565.53 562.32 559.14 556.02 552.81 550.53 547.76 546.64 546.24 546.04 545.72 541.74 536.62 535.01 533.32 531.55 529.84 528.38 527.13 525.94 524.73 523.75 522.95 522.44 521.66 521.07 520.4 520.09 520.02 518.99 519.98 520.25 520.6 521.55 523.11 524.25 525.77 526.74 528.72 529.72 533.73 538.11 539.83 540.09 539.72 539.23 540.69 542.74 544.67 545.89 545.98 544.91 542.48 543.61 546.53 548.92 549.69 548.87 546.89 547.5 548.34 548.68
587.16 586.82 585.37 583.92 582.05 579.68 578.05 576.84 575.04 570.73 566.39 563.05 560.05 556.84 553.77 551.46 548.81 546.42 544.62 542.96 541.83 539.9 537.34 535.29 533.59 531.93 530.39 528.96 527.59 526.33 525.13 524.07 523.29 522.68 522.14 521.44 520.62 520.29 520.03 518.99 519.97 520.32 520.71 521.63 522.4 523.92 525.4 526.66 528.81 529.53 535.67 539 539.86 540.16 539.86 539.19 540.52 542.97 544.91 545.79 546.33 544.95 542.62 543.21 546.11 548.46 549.64 548.7 547.55 547.98 548.57 548.68
588.04 587.38 585.44 584.16 583.3 581.14 579.9 578.95 575.38 570.72 566.4 563.41 560.74 557.58 554.54 551.5 549.08 546.5 544.4 542.5 540.81 538.9 537.04 535.21 533.64 532.12 530.67 529.28 527.9 526.67 525.5 524.39 523.54 522.75 522.6 521.43 520.59 520.05 519.96 519.57 519.94 520.27 520.91 521.69 522.52 524.14 525.43 527.03 528.82 529.14 534.1 539.33 539.89 540.12 539.83 539.5 541.07 542.56 543.31 543.33 544.36 543.27 542.69 543.4 546.24 548.51 549.99 549.85 549.32 548.95 548.75 548.92
588.03 587.08 584.97 584.38 584.56 583.3 582.6 581.03 575.47 570.52 566.69 563.97 561.56 558.16 555.42 552.16 549.83 546.77 544.43 542.26 540.52 539.29 536.56 535 533.56 532.18 530.77 529.31 527.82 526.53 525.36 524.3 523.39 522.67 522.42 521.48 520.71 520.16 519.91 519.69 519.99 520.2 521.29 521.85 522.51 523.57 525.29 526.73 528.21 529.9 532.48 539.1 539.92 540.17 539.84 540.16 541.64 542.61 542.7 543.39 544.39 544.04 544.46 544.88 546.94 548.73 550.42 550.34 550.01 549.07 548.04 548.16
