resources/dgm_2.grd
ncols         501
nrows         1001
xllcorner     4490660
yllcorner     5320200
cellsize      2
NODATA_value  -9999
[rows 128 to 159 of 1001, columns 360 to 431 of 501]
521.46 521.46 521.44 521.46 521.49 521.48 521.48 521.44 521.49 521.5 521.66 521.57 521.6 521.49 521.58 521.66 521.64 521.74 521.83 522.03 522.28 522.37 522.32 522.28 522.24 522.23 522.17 522.16 522.15 522.18 522.19 521.5 521.5 522.02 522.44 522.65 522.72 522.84 522.9 522.72 522.67 522.68 522.57 522.58 522.58 522.65 522.68 522.69 522.73 522.76 522.82 522.8 522.8 522.75 522.75 522.75 522.83 522.78 522.73 522.74 522.65 522.65 522.65 522.65 522.62 522.57 522.61 522.63 522.65 522.87 523.06 523.42
521.22 521.21 521.21 521.23 521.25 521.25 521.26 521.23 521.25 521.26 521.39 521.39 521.39 521.46 521.52 521.46 521.51 521.58 521.88 521.99 522.16 522.18 522.23 522.27 522.2 522.2 522.13 522.07 522.08 522.09 522.16 521.97 521.41 521.63 521.97 522.42 522.69 522.72 522.74 522.66 522.62 522.58 522.48 522.48 522.51 522.56 522.57 522.57 522.64 522.68 522.69 522.75 522.73 522.76 522.66 522.65 522.71 522.77 522.66 522.62 522.6 522.49 522.53 522.54 522.52 522.48 522.49 522.53 522.56 522.73 522.89 523.38
520.96 520.96 520.98 520.99 521.03 521.03 521.04 521.02 521.04 521.02 521.12 521.27 521.2 521.33 521.38 521.37 521.41 521.49 521.65 522 522.06 522.14 522.18 522.2 522.16 522.07 522.01 521.98 521.96 521.97 521.97 521.84 521.7 521.41 521.64 522.12 522.49 522.62 522.6 522.64 522.57 522.5 522.4 522.39 522.41 522.5 522.51 522.5 522.54 522.59 522.6 522.65 522.65 522.71 522.54 522.56 522.57 522.62 522.62 522.54 522.51 522.46 522.41 522.44 522.43 522.41 522.39 522.43 522.46 522.57 522.75 523.17
520.72 520.71 520.74 520.74 520.8 520.84 520.84 520.83 520.87 520.92 520.88 521.08 521.13 521.12 521.18 521.29 521.36 521.39 521.46 522.03 522 522.08 522.12 522.07 522.05 521.99 521.95 521.95 521.94 521.78 521.77 521.82 522.05 521.61 521.45 521.75 522.07 522.4 522.41 522.54 522.47 522.49 522.42 522.34 522.35 522.37 522.43 522.4 522.41 522.49 522.54 522.56 522.6 522.58 522.52 522.46 522.46 522.48 522.54 522.52 522.42 522.4 522.34 522.33 522.33 522.3 522.28 522.3 522.34 522.47 522.59 523.06
520.47 520.49 520.5 520.51 520.57 520.64 520.65 520.67 520.7 520.82 520.85 520.96 521.04 521.1 521.15 521.13 521.27 521.31 521.38 521.76 521.97 521.99 522.01 521.91 521.92 521.93 521.92 521.89 521.83 521.73 521.7 521.73 521.83 521.81 521.47 521.36 521.78 522.15 522.37 522.34 522.38 522.34 522.4 522.24 522.3 522.25 522.28 522.28 522.28 522.34 522.42 522.48 522.48 522.48 522.42 522.36 522.36 522.39 522.38 522.42 522.34 522.29 522.3 522.22 522.24 522.22 522.2 522.19 522.2 522.3 522.37 522.63
520.24 520.27 520.29 520.3 520.36 520.43 520.49 520.52 520.55 520.66 520.83 520.8 520.92 520.88 520.99 521.09 521.18 521.29 521.35 521.41 521.52 521.59 521.71 521.75 521.82 521.81 521.82 521.78 521.77 521.73 521.6 521.56 521.67 521.73 521.74 521.42 521.39 521.75 522.02 522.17 522.34 522.23 522.24 522.15 522.13 522.19 522.14 522.14 522.1 522.21 522.28 522.3 522.38 522.38 522.44 522.37 522.26 522.31 522.33 522.38 522.34 522.24 522.22 522.19 522.11 522.14 522.09 522.09 522.08 522.15 522.2 522.26
520.03 520.06 520.09 520.14 520.16 520.27 520.35 520.39 520.44 520.44 520.59 520.62 520.86 520.79 520.98 520.94 521.06 521.08 521.16 521.29 521.43 521.55 521.63 521.68 521.72 521.72 521.74 521.76 521.76 521.7 521.61 521.49 521.54 521.68 521.68 521.54 521.11 521.28 521.69 521.87 522.19 522.21 522.14 522.05 521.99 522.02 522 522.02 521.96 522.05 522.13 522.24 522.33 522.35 522.36 522.38 522.23 522.27 522.23 522.31 522.29 522.16 522.13 522.11 522.06 522 522 522 522.03 522.03 522.08 522.13
519.82 519.84 519.91 519.97 520 520.1 520.21 520.28 520.32 520.35 520.48 520.66 520.83 520.7 520.76 520.86 520.97 521.12 521.23 521.3 521.42 521.46 521.51 521.54 521.63 521.66 521.67 521.69 521.63 521.58 521.58 521.42 521.38 521.5 521.61 521.72 521.39 520.97 521.3 521.64 522.06 522.04 522.06 521.99 522 521.94 521.83 521.77 521.76 521.94 522.04 522.13 522.2 522.3 522.39 522.29 522.24 522.12 522.12 522.21 522.18 522.12 522.07 522.04 522.01 521.93 521.88 521.9 521.93 521.92 521.98 521.94
519.64 519.67 519.72 519.8 519.85 519.95 520.08 520.17 520.22 520.25 520.31 520.5 520.45 520.67 520.77 520.91 520.98 521.07 521.14 521.21 521.31 521.4 521.47 521.49 521.58 521.58 521.53 521.56 521.56 521.56 521.55 521.48 521.34 521.36 521.53 521.6 521.66 521.2 520.98 521.38 521.68 521.86 522.02 521.96 521.94 521.81 521.61 521.55 521.59 521.67 521.93 522.04 522.14 522.21 522.31 522.27 522.26 522.1 522.04 522.08 522.18 522.07 522.04 521.97 521.91 521.88 521.77 521.81 521.84 521.83 521.9 521.88
519.49 519.55 519.57 519.64 519.71 519.8 519.96 520.05 520.13 520.15 520.26 520.31 520.28 520.58 520.7 520.8 520.9 520.95 521.07 521.17 521.23 521.33 521.38 521.38 521.45 521.48 521.51 521.53 521.52 521.49 521.5 521.42 521.35 521.26 521.32 521.52 521.54 521.64 520.99 520.8 521.56 521.73 521.96 521.94 521.89 521.77 521.63 521.49 521.5 521.55 521.8 521.89 522.06 522.14 522.18 522.16 522.14 522.12 521.96 521.96 521.95 522.06 522.02 521.93 521.86 521.83 521.77 521.66 521.75 521.78 521.83 521.85
519.34 519.39 519.43 519.52 519.59 519.67 519.84 519.95 520.04 520.09 520.17 520.22 520.29 520.47 520.64 520.73 520.86 520.96 521.02 521.1 521.13 521.21 521.31 521.36 521.4 521.47 521.44 521.45 521.46 521.47 521.43 521.39 521.32 521.23 521.2 521.32 521.53 521.64 521.71 520.73 521.06 521.71 521.83 521.97 521.9 521.75 521.6 521.45 521.44 521.46 521.68 521.82 521.96 522.05 522.11 522.1 522.05 522.01 521.91 521.86 521.84 521.94 521.86 521.88 521.8 521.77 521.75 521.67 521.67 521.73 521.75 521.79
519.23 519.27 519.32 519.4 519.47 519.58 519.73 519.88 519.96 520 520.12 520.22 520.24 520.36 520.59 520.7 520.8 520.84 520.91 521.03 521.1 521.16 521.25 521.3 521.34 521.38 521.37 521.37 521.42 521.46 521.36 521.36 521.29 521.22 521.14 521.19 521.44 521.55 521.59 521.42 520.88 521.35 521.73 521.82 521.87 521.8 521.52 521.46 521.48 521.43 521.62 521.72 521.88 521.95 521.99 522.04 522.03 521.96 521.78 521.75 521.74 521.77 521.83 521.84 521.76 521.68 521.66 521.62 521.59 521.66 521.68 521.7
519.11 519.18 519.25 519.31 519.4 519.52 519.64 519.81 519.89 519.96 520.07 520.19 520.23 520.25 520.51 520.6 520.75 520.84 520.91 520.97 521.04 521.11 521.19 521.24 521.28 521.31 521.34 521.34 521.34 521.4 521.37 521.33 521.29 521.24 521.18 521.11 521.26 521.43 521.52 521.53 521.16 520.94 521.49 521.67 521.79 521.77 521.62 521.58 521.64 521.52 521.59 521.64 521.71 521.83 521.86 521.92 521.9 521.92 521.86 521.76 521.66 521.66 521.78 521.82 521.78 521.64 521.61 521.58 521.51 521.59 521.58 521.64
519.01 519.08 519.15 519.24 519.31 519.43 519.58 519.74 519.83 519.91 520.01 520.15 520.26 520.17 520.39 520.58 520.74 520.8 520.86 520.92 521.01 521.07 521.16 521.22 521.26 521.28 521.32 521.3 521.31 521.36 521.37 521.28 521.26 521.23 521.18 521.02 521.13 521.4 521.46 521.6 521.51 521.16 520.93 521.5 521.68 521.77 521.76 521.56 521.51 521.5 521.52 521.59 521.61 521.65 521.72 521.72 521.82 521.87 521.79 521.66 521.7 521.61 521.59 521.74 521.85 521.68 521.58 521.52 521.48 521.5 521.53 521.6
518.95 519.04 519.1 519.19 519.26 519.36 519.5 519.67 519.78 519.86 519.94 520.09 520.24 520.2 520.28 520.46 520.66 520.75 520.8 520.89 520.98 521.05 521.13 521.18 521.21 521.25 521.28 521.25 521.29 521.31 521.34 521.27 521.24 521.21 521.19 521.06 521.07 521.25 521.35 521.55 521.48 521.56 521.09 521.04 521.58 521.75 521.72 521.68 521.54 521.48 521.43 521.45 521.58 521.61 521.61 521.62 521.69 521.84 521.7 521.79 521.61 521.59 521.57 521.53 521.72 521.71 521.58 521.52 521.45 521.44 521.46 521.56
518.94 518.98 519.07 519.13 519.21 519.3 519.44 519.6 519.72 519.8 519.88 520.03 520.19 520.24 520.19 520.39 520.57 520.7 520.75 520.86 520.94 521.03 521.09 521.14 521.18 521.23 521.22 521.23 521.26 521.27 521.3 521.27 521.2 521.18 521.2 521.12 520.98 521.08 521.34 521.47 521.5 521.52 521.57 520.98 521.1 521.58 521.73 521.75 521.6 521.5 521.38 521.31 521.43 521.66 521.56 521.55 521.59 521.68 521.68 521.71 521.63 521.54 521.53 521.46 521.52 521.5 521.47 521.58 521.44 521.4 521.45 521.52
518.9 518.94 519.02 519.09 519.17 519.27 519.38 519.53 519.67 519.8 519.86 519.99 520.14 520.25 520.11 520.33 520.5 520.65 520.73 520.83 520.91 520.98 521.07 521.1 521.16 521.2 521.2 521.24 521.21 521.23 521.26 521.28 521.17 521.17 521.15 521.12 520.96 520.94 521.17 521.25 521.47 521.55 521.59 521.45 520.8 521.2 521.7 521.62 521.53 521.5 521.37 521.36 521.34 521.46 521.58 521.51 521.52 521.57 521.61 521.61 521.63 521.55 521.48 521.44 521.42 521.45 521.45 521.47 521.47 521.39 521.43 521.45
518.84 518.9 519 519.08 519.17 519.26 519.35 519.48 519.63 519.76 519.87 519.98 520.11 520.21 520.2 520.27 520.46 520.58 520.68 520.79 520.88 520.94 521 521.07 521.1 521.17 521.16 521.21 521.18 521.2 521.22 521.27 521.19 521.15 521.14 521.12 521.01 520.9 521.06 521.22 521.47 521.37 521.57 521.59 521.41 520.78 521.37 521.51 521.5 521.5 521.49 521.43 521.34 521.34 521.36 521.54 521.5 521.48 521.58 521.6 521.58 521.43 521.44 521.42 521.4 521.36 521.38 521.42 521.51 521.38 521.36 521.39
518.8 518.87 518.94 519.02 519.14 519.25 519.35 519.46 519.59 519.74 519.86 519.97 520.07 520.18 520.19 520.16 520.39 520.53 520.67 520.74 520.84 520.92 520.97 521.03 521.07 521.14 521.15 521.17 521.19 521.18 521.19 521.22 521.18 521.12 521.11 521.1 521.04 520.89 520.92 521.16 521.41 521.35 521.43 521.58 521.62 521.17 520.77 521.29 521.46 521.46 521.48 521.44 521.34 521.31 521.32 521.33 521.46 521.46 521.54 521.55 521.52 521.42 521.41 521.38 521.36 521.35 521.32 521.32 521.32 521.32 521.31 521.34
518.8 518.87 518.91 519.03 519.13 519.21 519.34 519.45 519.57 519.7 519.83 519.95 520.04 520.14 520.21 520.14 520.31 520.49 520.65 520.7 520.81 520.86 520.94 521.02 521.04 521.1 521.1 521.14 521.16 521.14 521.16 521.18 521.14 521.11 521.1 521.08 521.05 520.89 520.88 521.15 521.32 521.19 521.38 521.57 521.57 521.58 520.94 520.82 521.26 521.47 521.43 521.41 521.38 521.36 521.29 521.33 521.44 521.41 521.43 521.42 521.42 521.38 521.38 521.33 521.33 521.3 521.25 521.28 521.28 521.27 521.42 521.36
518.79 518.85 518.92 519.02 519.11 519.21 519.31 519.44 519.55 519.67 519.8 519.92 520.02 520.11 520.18 520.12 520.21 520.44 520.6 520.69 520.75 520.81 520.89 520.98 521.01 521.04 521.06 521.1 521.12 521.12 521.14 521.16 521.13 521.09 521.09 521.08 521.04 520.92 520.87 521.01 521.39 521.25 521.3 521.41 521.53 521.4 521.37 520.95 520.87 521.33 521.4 521.38 521.37 521.4 521.37 521.38 521.38 521.31 521.38 521.36 521.33 521.32 521.34 521.31 521.28 521.29 521.22 521.27 521.26 521.27 521.28 521.46
518.78 518.85 518.92 518.99 519.09 519.18 519.29 519.42 519.53 519.65 519.77 519.88 519.99 520.09 520.19 520.21 520.12 520.37 520.56 520.69 520.71 520.8 520.85 520.92 520.95 520.98 521.02 521.06 521.09 521.12 521.13 521.14 521.11 521.06 521.06 521.07 521.02 520.97 520.85 520.94 521.25 521.4 521.77 521.31 521.4 521.42 521.38 521.28 520.91 520.89 521.32 521.32 521.33 521.32 521.36 521.37 521.32 521.32 521.37 521.34 521.29 521.29 521.29 521.26 521.25 521.23 521.2 521.2 521.26 521.23 521.25 521.46
518.78 518.84 518.91 518.98 519.08 519.17 519.26 519.38 519.5 519.6 519.73 519.86 519.97 520.06 520.16 520.22 520.11 520.27 520.49 520.65 520.69 520.78 520.81 520.88 520.93 520.92 520.97 521.02 521.05 521.1 521.09 521.11 521.09 521.05 521.06 521.06 521.02 521.02 520.86 520.89 521.21 521.58 521.92 521.45 521.24 521.27 521.37 521.42 521.19 520.76 521.04 521.32 521.3 521.32 521.28 521.25 521.28 521.31 521.35 521.26 521.29 521.29 521.3 521.23 521.23 521.22 521.2 521.2 521.16 521.22 521.23 521.34
518.77 518.84 518.89 518.97 519.04 519.12 519.23 519.34 519.46 519.57 519.68 519.84 519.94 520.02 520.13 520.2 520.25 520.17 520.45 520.6 520.67 520.74 520.78 520.81 520.86 520.88 520.95 520.98 521.04 521.07 521.07 521.08 521.08 521.04 521.05 521.04 521.01 521.01 520.85 520.86 521.29 521.5 522.21 521.96 521.76 521.22 521.26 521.41 521.47 521.1 520.78 521.11 521.35 521.35 521.31 521.28 521.27 521.33 521.27 521.28 521.27 521.27 521.26 521.24 521.2 521.22 521.18 521.16 521.13 521.18 521.24 521.26
518.75 518.82 518.86 518.95 519.02 519.11 519.19 519.32 519.43 519.51 519.64 519.77 519.89 519.98 520.09 520.18 520.22 520.1 520.36 520.54 520.63 520.72 520.75 520.78 520.83 520.86 520.92 520.95 521 521.02 521.04 521.05 521.06 521.05 521.04 521.03 521 520.97 520.85 520.85 520.98 521.95 522.68 522.03 521.4 521.64 521.11 521.27 521.39 521.36 521 520.92 521.21 521.32 521.3 521.29 521.29 521.34 521.3 521.28 521.26 521.22 521.24 521.24 521.22 521.17 521.17 521.14 521.12 521.17 521.19 521.17
518.73 518.79 518.85 518.92 519 519.09 519.17 519.28 519.38 519.49 519.61 519.73 519.84 519.94 520.04 520.13 520.2 520.19 520.24 520.47 520.6 520.67 520.71 520.73 520.8 520.85 520.89 520.93 520.96 520.98 521.02 521.03 521.04 521.05 521.02 521.02 520.98 520.95 520.87 520.84 520.85 521.9 523.05 522.83 522.28 522.1 521.53 521.1 521.21 521.36 521.23 521 520.87 521.26 521.31 521.31 521.31 521.26 521.27 521.27 521.24 521.22 521.24 521.22 521.19 521.18 521.18 521.14 521.13 521.16 521.18 521.1
518.72 518.75 518.82 518.89 518.97 519.07 519.14 519.24 519.36 519.47 519.57 519.67 519.81 519.9 520 520.1 520.18 520.23 520.12 520.4 520.54 520.63 520.68 520.7 520.76 520.83 520.86 520.89 520.9 520.96 521.01 521 521 521.03 521.03 521.01 520.97 520.97 520.92 520.84 520.81 521.29 522.34 523.2 522.04 521.72 522.28 521.34 521.1 521.22 521.28 521.28 520.85 520.98 521.28 521.23 521.26 521.29 521.25 521.25 521.25 521.25 521.21 521.19 521.18 521.19 521.09 521.15 521.1 521.16 521.34 521.07
518.68 518.75 518.8 518.86 518.95 519.03 519.12 519.22 519.32 519.43 519.52 519.64 519.77 519.86 519.95 520.06 520.16 520.19 520.1 520.3 520.47 520.58 520.67 520.68 520.71 520.78 520.81 520.86 520.88 520.94 520.96 520.99 520.98 520.99 521.01 521 520.97 520.98 520.98 520.89 520.84 520.86 521.68 522.5 521.43 521.4 522.37 521.83 521.04 521.12 521.29 521.35 521.2 520.86 521.04 521.24 521.22 521.28 521.24 521.23 521.27 521.24 521.25 521.2 521.16 521.12 521.16 521.15 521.26 521.35 521.62 521
518.67 518.73 518.79 518.84 518.94 519.01 519.1 519.19 519.29 519.4 519.48 519.6 519.71 519.82 519.91 520 520.08 520.14 520.12 520.18 520.41 520.52 520.6 520.64 520.68 520.74 520.77 520.81 520.84 520.89 520.94 520.98 520.94 520.96 520.95 521 520.98 520.96 521 520.9 520.9 520.88 521.42 521.39 521.24 521.64 522.12 522.19 521.3 520.98 521.19 521.32 521.37 521.1 520.98 521.15 521.22 521.24 521.26 521.24 521.25 521.19 521.22 521.2 521.16 521.17 521.14 521.09 521.19 521.63 521.65 521.05
518.66 518.73 518.77 518.83 518.92 518.99 519.06 519.15 519.24 519.35 519.44 519.54 519.65 519.75 519.86 519.93 520.03 520.1 520.15 520.03 520.31 520.44 520.54 520.61 520.63 520.68 520.72 520.76 520.81 520.84 520.9 520.93 520.93 520.93 520.91 520.98 520.94 520.94 520.97 520.86 520.93 521.02 521.04 521.45 521.93 521.63 521.45 522.38 521.69 521.02 521 521.13 521.44 521.42 521.02 520.95 521.2 521.2 521.24 521.24 521.24 521.2 521.24 521.17 521.21 521.19 521.16 521.13 521.07 521.64 521.19 521.05
518.66 518.72 518.77 518.83 518.88 518.97 519.03 519.13 519.2 519.3 519.4 519.48 519.58 519.7 519.79 519.86 519.96 520.05 520.08 519.95 520.18 520.36 520.47 520.55 520.59 520.64 520.66 520.72 520.78 520.81 520.88 520.89 520.9 520.89 520.91 520.95 520.91 520.93 520.91 520.82 520.92 521.18 521.35 521.97 521.97 521.57 521.55 522.15 521.79 521.23 520.97 521.01 521.25 521.4 521.41 520.88 520.96 521.22 521.26 521.25 521.26 521.19 521.21 521.2 521.2 521.18 521.15 521.09 521.06 521.12 521.12 521.04
518.64 518.71 518.76 518.78 518.87 518.94 519 519.08 519.17 519.27 519.36 519.43 519.54 519.64 519.74 519.82 519.9 519.98 520.02 520.02 520.04 520.28 520.4 520.48 520.54 520.61 520.64 520.67 520.72 520.78 520.84 520.86 520.86 520.84 520.87 520.89 520.89 520.9 520.87 520.82 520.87 521.08 521.71 522.38 522.34 521.86 522.12 522.3 522.11 521.77 521.05 520.88 521.06 521.25 521.44 521.22 521.1 521.02 521.21 521.24 521.27 521.23 521.28 521.2 521.24 521.18 521.13 521.09 521.1 521.09 521.1 521.06
