resources/dgm_2.grd
ncols         501
nrows         1001
xllcorner     4490660
yllcorner     5320200
cellsize      2
NODATA_value  -9999
[rows 160 to 191 of 1001, columns 360 to 431 of 501]
518.64 518.68 518.74 518.78 518.84 518.9 518.97 519.04 519.12 519.21 519.31 519.39 519.48 519.58 519.68 519.78 519.86 519.92 519.98 520 519.89 520.17 520.32 520.43 520.5 520.53 520.6 520.62 520.67 520.73 520.77 520.82 520.82 520.82 520.83 520.86 520.86 520.87 520.87 520.8 520.8 520.99 521.45 521.34 521.46 521.71 522.16 522.16 521.43 521.72 521.28 520.97 520.92 521.05 521.33 521.32 521.14 521.01 521.08 521.16 521.2 521.28 521.24 521.21 521.2 521.2 521.18 521.13 521.14 521.14 521.08 521.09
518.64 518.66 518.72 518.77 518.82 518.88 518.94 519.01 519.1 519.17 519.26 519.34 519.43 519.52 519.63 519.72 519.81 519.88 519.93 519.97 519.88 520.05 520.23 520.34 520.43 520.45 520.55 520.59 520.64 520.7 520.73 520.79 520.8 520.79 520.78 520.83 520.83 520.84 520.86 520.84 520.73 520.9 521.1 521.55 522.16 521.51 521.28 521.45 520.98 521.09 521.31 520.91 520.8 520.8 521.05 521.31 521.3 521.05 521.23 521.21 521.17 521.28 521.27 521.26 521.25 521.23 521.2 521.12 521.14 521.16 521.11 521.1
518.62 518.65 518.7 518.74 518.79 518.86 518.91 518.99 519.06 519.13 519.22 519.3 519.38 519.48 519.58 519.66 519.74 519.83 519.88 519.93 519.92 519.93 520.16 520.27 520.35 520.4 520.5 520.57 520.6 520.64 520.69 520.73 520.76 520.74 520.74 520.8 520.79 520.81 520.83 520.82 520.69 520.85 521.58 521.69 521.87 521.71 521.42 521.24 520.97 520.99 521.04 520.92 520.94 520.73 520.82 521.09 521.25 521.28 521.16 521.22 521.14 521.2 521.27 521.28 521.22 521.27 521.19 521.19 521.16 521.18 521.16 521.12
518.6 518.64 518.68 518.72 518.78 518.84 518.88 518.95 519.02 519.1 519.18 519.26 519.34 519.44 519.51 519.61 519.69 519.76 519.83 519.89 519.93 519.82 520.06 520.19 520.29 520.36 520.43 520.53 520.56 520.6 520.65 520.68 520.73 520.72 520.73 520.76 520.79 520.77 520.77 520.81 520.68 520.77 521.31 521.83 522.16 522.01 521.99 521.57 521.08 521.78 521.97 521.31 520.74 520.76 520.76 520.96 521.11 521.21 521.18 520.95 520.97 521.19 521.22 521.32 521.3 521.24 521.22 521.2 521.19 521.2 521.25 521.12
518.58 518.61 518.64 518.7 518.75 518.79 518.85 518.91 518.99 519.05 519.13 519.2 519.29 519.39 519.48 519.57 519.65 519.72 519.79 519.85 519.9 519.8 519.98 520.14 520.24 520.32 520.36 520.46 520.51 520.57 520.62 520.65 520.69 520.68 520.68 520.72 520.8 520.76 520.76 520.77 520.69 520.7 521 521.69 522.24 522.26 522.36 521.57 521.23 522.02 521.78 521.62 520.72 520.72 520.74 520.85 520.93 521.11 521.23 521.2 520.95 521.03 521.23 521.25 521.28 521.26 521.24 521.24 521.18 521.24 521.3 521.16
518.55 518.59 518.62 518.68 518.73 518.76 518.82 518.87 518.95 519.02 519.08 519.17 519.26 519.36 519.45 519.53 519.61 519.69 519.76 519.83 519.88 519.88 519.88 520.07 520.19 520.27 520.32 520.39 520.47 520.55 520.6 520.63 520.66 520.65 520.64 520.68 520.76 520.7 520.77 520.75 520.67 520.67 520.95 521.09 522.2 521.64 521.64 521.51 521.12 521.3 521.24 520.89 520.68 520.73 520.85 520.75 520.8 520.93 521.2 521.33 521.16 520.87 520.96 521.27 521.29 521.34 521.51 521.55 521.37 521.34 521.32 521.21
518.53 518.57 518.6 518.65 518.7 518.74 518.8 518.85 518.92 518.99 519.06 519.15 519.22 519.3 519.39 519.48 519.58 519.64 519.7 519.78 519.85 519.88 519.75 520.02 520.13 520.23 520.29 520.35 520.43 520.51 520.54 520.6 520.61 520.63 520.61 520.66 520.72 520.76 520.77 520.76 520.73 520.6 520.72 520.99 521.25 521.06 521.08 521.09 521.17 521.26 521.07 520.8 520.82 521.02 521.96 521.35 520.85 520.81 521.06 521.31 521.25 521 520.79 521.01 521.29 521.61 521.9 521.86 521.7 521.47 521.35 521.33
518.52 518.53 518.56 518.6 518.68 518.73 518.77 518.84 518.91 518.97 519.06 519.12 519.21 519.28 519.36 519.45 519.53 519.61 519.67 519.74 519.82 519.86 519.73 519.95 520.08 520.18 520.26 520.3 520.4 520.47 520.51 520.57 520.57 520.6 520.61 520.63 520.68 520.75 520.74 520.75 520.75 520.64 520.65 520.74 520.87 520.89 520.93 521.03 521.03 521.42 521.27 520.89 520.78 520.88 521.62 521.26 520.78 520.8 520.86 521.23 521.36 521.2 520.79 520.76 521.07 521.65 521.76 521.8 521.77 521.72 521.63 521.41
518.5 518.52 518.54 518.6 518.67 518.72 518.75 518.82 518.88 518.94 519.02 519.1 519.19 519.26 519.34 519.42 519.51 519.57 519.64 519.71 519.78 519.84 519.78 519.82 520.02 520.11 520.2 520.25 520.34 520.43 520.5 520.53 520.54 520.56 520.58 520.61 520.67 520.72 520.74 520.77 520.76 520.66 520.67 520.73 520.79 520.8 520.85 520.96 521.12 521.33 521.13 520.9 520.72 520.83 520.91 520.88 520.85 520.77 520.81 520.93 521.34 521.41 521.12 520.89 520.86 521.07 521.5 521.69 521.81 521.73 521.58 521.28
518.49 518.49 518.54 518.58 518.64 518.7 518.75 518.81 518.85 518.93 519 519.08 519.16 519.24 519.31 519.4 519.46 519.56 519.62 519.69 519.76 519.82 519.8 519.68 519.97 520.06 520.15 520.23 520.28 520.38 520.46 520.48 520.51 520.53 520.55 520.59 520.64 520.7 520.74 520.79 520.71 520.64 520.7 520.9 520.81 520.77 520.82 520.88 520.99 520.89 520.75 520.7 520.67 520.7 520.79 520.7 520.87 520.92 521.48 520.98 521.76 521.85 521.39 521.12 520.88 520.73 520.85 521.02 521.3 521.39 521.26 521.18
518.47 518.49 518.52 518.57 518.62 518.68 518.74 518.8 518.85 518.92 519 519.07 519.14 519.22 519.29 519.36 519.44 519.52 519.59 519.66 519.73 519.78 519.79 519.67 519.89 520.02 520.1 520.18 520.23 520.32 520.42 520.44 520.47 520.48 520.51 520.54 520.6 520.66 520.73 520.74 520.76 520.62 520.62 520.67 520.74 520.72 520.73 520.8 520.78 520.78 520.8 520.8 520.69 520.64 520.84 520.78 520.86 521.37 522.62 522.08 522.72 523.01 522 521.29 520.95 520.63 520.58 520.72 520.88 521 521.05 521.5
518.46 518.48 518.52 518.56 518.62 518.68 518.73 518.79 518.86 518.92 518.98 519.06 519.13 519.21 519.28 519.34 519.43 519.49 519.56 519.63 519.7 519.76 519.79 519.68 519.78 519.97 520.06 520.14 520.19 520.26 520.36 520.39 520.41 520.43 520.46 520.51 520.55 520.61 520.71 520.74 520.76 520.69 520.57 520.59 520.61 520.63 520.68 520.74 520.72 520.77 520.83 520.78 520.71 520.63 520.63 520.55 520.59 520.96 521.61 521.19 521.64 522.2 522.36 521.48 521.42 520.87 520.7 520.87 520.92 520.9 520.97 521.37
518.43 518.48 518.5 518.54 518.61 518.67 518.73 518.78 518.86 518.91 518.98 519.04 519.12 519.2 519.26 519.34 519.42 519.48 519.55 519.61 519.67 519.73 519.77 519.74 519.69 519.91 520.01 520.09 520.16 520.21 520.29 520.33 520.34 520.37 520.41 520.48 520.53 520.58 520.68 520.76 520.71 520.72 520.56 520.52 520.56 520.56 520.6 520.83 520.81 520.74 520.75 520.76 520.63 520.53 520.63 520.64 520.71 520.71 520.66 520.74 520.75 521.17 521.5 521.56 521.93 521.3 520.94 520.93 520.94 520.86 520.81 520.95
518.42 518.48 518.49 518.54 518.62 518.68 518.73 518.79 518.86 518.91 518.97 519.04 519.09 519.17 519.26 519.32 519.4 519.46 519.53 519.59 519.66 519.7 519.74 519.75 519.64 519.84 519.95 520.05 520.11 520.15 520.22 520.27 520.27 520.32 520.38 520.43 520.5 520.55 520.65 520.72 520.73 520.7 520.6 520.48 520.52 520.52 520.67 520.98 520.98 520.73 520.69 520.66 520.61 520.65 520.72 520.73 520.77 520.79 520.72 520.75 520.78 520.77 520.87 520.91 521.46 521.58 521.24 520.91 520.83 520.79 520.75 520.82
518.42 518.46 518.5 518.54 518.6 518.69 518.73 518.8 518.86 518.93 518.98 519.03 519.1 519.18 519.25 519.31 519.37 519.45 519.51 519.57 519.64 519.68 519.7 519.73 519.59 519.71 519.92 520.01 520.06 520.1 520.13 520.18 520.21 520.27 520.33 520.4 520.46 520.54 520.61 520.65 520.7 520.72 520.7 520.49 520.48 520.52 520.61 520.79 520.75 520.72 520.61 520.66 520.73 520.82 520.84 520.72 520.72 520.76 520.76 520.77 520.72 520.71 520.75 520.54 520.88 521.66 521.5 521.07 520.77 520.73 520.78 520.93
518.42 518.47 518.51 518.56 518.62 518.69 518.75 518.8 518.86 518.93 518.98 519.04 519.09 519.16 519.24 519.3 519.36 519.42 519.49 519.56 519.62 519.66 519.68 519.72 519.67 519.59 519.86 519.94 520.02 520.06 520.09 520.12 520.18 520.23 520.32 520.36 520.43 520.52 520.59 520.62 520.67 520.74 520.71 520.55 520.46 520.46 520.5 520.55 520.6 520.6 520.52 520.53 520.68 520.65 520.69 520.71 520.74 520.76 520.77 520.75 520.7 520.74 520.75 520.68 520.6 521.42 521.62 521.46 521.14 520.83 520.77 520.97
518.43 518.46 518.52 518.58 518.62 518.7 518.76 518.8 518.86 518.92 518.97 519.04 519.09 519.17 519.23 519.29 519.36 519.41 519.46 519.54 519.6 519.62 519.67 519.7 519.7 519.51 519.77 519.9 519.99 520.03 520.04 520.08 520.17 520.21 520.29 520.33 520.41 520.46 520.53 520.6 520.65 520.73 520.76 520.64 520.43 520.38 520.48 520.55 520.6 520.54 520.48 520.47 520.51 520.62 520.63 520.69 520.74 520.74 520.74 520.75 520.75 520.79 520.73 520.71 520.68 521.14 521.59 521.49 521.36 520.99 520.76 520.92
518.44 518.47 518.54 518.57 518.63 518.68 518.76 518.82 518.87 518.93 518.98 519.03 519.09 519.16 519.21 519.28 519.33 519.38 519.45 519.52 519.57 519.61 519.65 519.68 519.72 519.58 519.66 519.87 519.94 519.99 520.02 520.04 520.13 520.2 520.26 520.31 520.39 520.41 520.5 520.57 520.62 520.66 520.68 520.64 520.47 520.36 520.46 520.6 520.72 520.59 520.54 520.5 520.5 520.55 520.64 520.64 520.71 520.71 520.71 520.72 520.75 520.78 520.72 520.7 520.72 520.67 521.5 521.57 521.6 521.33 520.85 520.89
518.42 518.48 518.54 518.58 518.63 518.68 518.76 518.82 518.88 518.94 518.99 519.02 519.09 519.14 519.21 519.28 519.33 519.37 519.44 519.49 519.55 519.6 519.64 519.68 519.72 519.66 519.56 519.82 519.88 519.95 519.98 520.01 520.08 520.15 520.22 520.28 520.34 520.38 520.47 520.51 520.59 520.6 520.64 520.61 520.59 520.35 520.34 520.69 520.64 520.88 520.78 520.51 520.55 520.53 520.58 520.66 520.68 520.67 520.66 520.68 520.69 520.74 520.69 520.66 520.65 520.62 521.04 521.51 521.73 521.46 521.16 521
518.44 518.49 518.55 518.6 518.64 518.69 518.76 518.83 518.88 518.94 518.99 519.04 519.08 519.14 519.2 519.27 519.34 519.37 519.42 519.48 519.53 519.6 519.64 519.67 519.7 519.71 519.51 519.77 519.84 519.9 519.95 519.98 520.03 520.09 520.16 520.26 520.29 520.35 520.42 520.43 520.54 520.56 520.61 520.57 520.61 520.39 520.27 520.59 520.62 520.86 521.12 520.73 520.5 520.54 520.56 520.61 520.62 520.63 520.63 520.66 520.66 520.72 520.65 520.67 520.58 520.6 520.61 521.25 521.38 521.33 521.4 521.2
518.45 518.49 518.56 518.62 518.64 518.69 518.75 518.84 518.88 518.94 518.98 519.03 519.08 519.15 519.2 519.26 519.31 519.37 519.41 519.47 519.53 519.59 519.63 519.66 519.69 519.74 519.61 519.67 519.8 519.86 519.92 519.94 519.98 520.05 520.12 520.2 520.26 520.3 520.37 520.4 520.46 520.56 520.57 520.58 520.58 520.5 520.27 520.32 520.51 520.67 520.77 520.63 520.45 520.5 520.55 520.56 520.58 520.6 520.58 520.59 520.61 520.69 520.65 520.59 520.55 520.53 520.47 520.59 520.9 521.07 521.12 520.95
518.47 518.51 518.58 518.63 518.67 518.7 518.78 518.85 518.9 518.94 518.99 519.03 519.09 519.16 519.2 519.26 519.31 519.37 519.41 519.49 519.52 519.58 519.62 519.65 519.69 519.75 519.68 519.59 519.79 519.82 519.87 519.9 519.94 520 520.08 520.14 520.22 520.24 520.32 520.37 520.41 520.54 520.54 520.58 520.56 520.51 520.29 520.24 520.46 520.59 520.64 520.5 520.49 520.52 520.53 520.52 520.53 520.55 520.54 520.54 520.55 520.58 520.6 520.73 520.57 520.51 520.49 520.59 520.76 520.87 521.02 520.77
518.51 518.53 518.6 518.65 518.69 518.74 518.79 518.86 518.92 518.96 519.01 519.04 519.09 519.16 519.2 519.26 519.31 519.37 519.41 519.45 519.5 519.55 519.61 519.64 519.67 519.72 519.73 519.55 519.76 519.79 519.84 519.87 519.89 519.95 520.02 520.09 520.15 520.19 520.25 520.33 520.35 520.48 520.49 520.52 520.54 520.47 520.41 520.24 520.33 520.62 520.54 520.45 520.45 520.47 520.5 520.5 520.48 520.5 520.5 520.5 520.52 520.54 520.6 520.62 520.5 520.46 520.46 520.59 520.64 520.8 520.99 520.82
518.55 518.56 518.62 518.68 518.72 518.76 518.81 518.89 518.94 518.97 519.02 519.06 519.1 519.15 519.2 519.25 519.3 519.36 519.4 519.43 519.48 519.53 519.6 519.62 519.66 519.69 519.72 519.61 519.7 519.75 519.81 519.83 519.84 519.9 519.96 520.04 520.09 520.15 520.2 520.28 520.33 520.42 520.4 520.45 520.49 520.47 520.43 520.22 520.19 520.54 520.55 520.48 520.39 520.44 520.45 520.46 520.45 520.45 520.47 520.49 520.53 520.54 520.6 520.54 520.41 520.4 520.36 520.51 520.67 520.69 521.01 521.24
518.58 518.62 518.65 518.7 518.75 518.79 518.84 518.91 518.95 519 519.03 519.08 519.12 519.16 519.21 519.25 519.28 519.34 519.39 519.42 519.47 519.51 519.56 519.59 519.62 519.66 519.7 519.62 519.58 519.72 519.76 519.8 519.8 519.84 519.9 519.97 520.03 520.11 520.15 520.24 520.3 520.35 520.36 520.39 520.43 520.44 520.44 520.27 520.17 520.34 520.76 520.7 520.47 520.46 520.43 520.4 520.42 520.43 520.43 520.46 520.5 520.54 520.68 520.51 520.35 520.34 520.33 520.34 520.75 520.7 520.78 520.96
518.62 518.67 518.69 518.72 518.78 518.83 518.87 518.92 518.98 519.03 519.05 519.09 519.13 519.17 519.19 519.24 519.28 519.33 519.37 519.42 519.46 519.5 519.55 519.58 519.61 519.64 519.68 519.66 519.5 519.69 519.71 519.75 519.74 519.78 519.84 519.91 519.98 520.04 520.11 520.2 520.26 520.28 520.35 520.35 520.38 520.39 520.41 520.37 520.15 520.18 520.66 520.52 520.44 520.36 520.37 520.36 520.4 520.39 520.41 520.44 520.44 520.46 520.57 520.39 520.26 520.31 520.34 520.21 520.66 520.8 520.77 520.61
518.66 518.7 518.71 518.75 518.81 518.86 518.9 518.96 519 519.05 519.08 519.12 519.13 519.17 519.19 519.22 519.27 519.32 519.35 519.4 519.42 519.48 519.53 519.55 519.57 519.6 519.64 519.65 519.48 519.63 519.66 519.7 519.69 519.72 519.77 519.84 519.93 519.97 520.06 520.14 520.18 520.22 520.3 520.33 520.35 520.35 520.33 520.36 520.19 520.14 520.42 520.52 520.52 520.37 520.34 520.33 520.35 520.36 520.38 520.4 520.42 520.4 520.37 520.31 520.22 520.34 520.44 520.24 520.37 520.37 520.31 520.29
518.7 518.73 518.75 518.78 518.83 518.87 518.92 518.98 519.01 519.06 519.08 519.12 519.13 519.16 519.19 519.22 519.26 519.29 519.34 519.37 519.39 519.44 519.49 519.52 519.54 519.56 519.59 519.62 519.49 519.53 519.6 519.65 519.64 519.66 519.71 519.76 519.85 519.9 519.99 520.07 520.12 520.17 520.25 520.3 520.32 520.34 520.33 520.32 520.25 520.08 520.14 520.46 520.47 520.36 520.27 520.29 520.34 520.32 520.34 520.38 520.38 520.34 520.29 520.26 520.23 520.35 520.35 520.24 520.15 520.07 520.12 520.17
518.72 518.76 518.79 518.8 518.84 518.89 518.94 518.97 519.01 519.05 519.09 519.1 519.12 519.13 519.16 519.19 519.22 519.26 519.3 519.34 519.36 519.39 519.43 519.48 519.49 519.52 519.54 519.56 519.52 519.4 519.54 519.58 519.61 519.59 519.64 519.7 519.76 519.84 519.93 520 520.03 520.11 520.2 520.26 520.3 520.27 520.3 520.33 520.31 520.15 520.01 520.36 520.49 520.32 520.22 520.22 520.3 520.31 520.32 520.33 520.31 520.3 520.3 520.22 520.18 520.17 520.08 520.09 520.1 520.08 520.07 520.08
518.73 518.77 518.81 518.82 518.87 518.9 518.94 518.98 519.02 519.04 519.06 519.08 519.11 519.11 519.14 519.19 519.19 519.22 519.25 519.3 519.33 519.34 519.38 519.42 519.46 519.47 519.48 519.49 519.51 519.31 519.47 519.52 519.55 519.54 519.58 519.64 519.68 519.76 519.84 519.93 519.95 520.05 520.13 520.21 520.25 520.25 520.22 520.25 520.3 520.27 519.99 520.1 520.49 520.4 520.32 520.29 520.35 520.32 520.29 520.3 520.32 520.28 520.24 520.2 520.07 520.12 520.09 520.1 520.09 520.08 520.01 520.11
518.75 518.79 518.81 518.84 518.87 518.91 518.93 518.98 519 519.03 519.05 519.07 519.08 519.08 519.11 519.13 519.16 519.2 519.2 519.24 519.27 519.28 519.33 519.36 519.41 519.43 519.43 519.44 519.45 519.3 519.37 519.47 519.48 519.5 519.51 519.57 519.62 519.68 519.74 519.84 519.9 520 520.11 520.14 520.17 520.19 520.16 520.2 520.25 520.28 520.04 519.98 520.3 520.56 520.36 520.29 520.25 520.28 520.26 520.27 520.22 520.24 520.21 520.19 520.07 520.07 520.05 520.06 520.1 520.06 519.95 520.01
518.73 518.77 518.81 518.85 518.87 518.89 518.92 518.96 518.99 518.99 519.02 519.03 519.04 519.05 519.06 519.08 519.12 519.15 519.16 519.19 519.22 519.25 519.27 519.3 519.36 519.37 519.37 519.38 519.4 519.35 519.27 519.4 519.41 519.45 519.45 519.5 519.56 519.61 519.67 519.75 519.85 519.96 520.05 520.07 520.1 520.11 520.12 520.19 520.24 520.26 520.13 519.95 520.06 520.55 520.45 520.34 520.29 520.25 520.22 520.22 520.23 520.24 520.19 520.16 520.11 520.06 520.06 520.05 520.07 519.98 519.94 519.91
