resources/dgm_5.grd
ncols         201
nrows         401
xllcorner     4490660
yllcorner     5320200
cellsize      5
NODATA_value  -9999
[rows 64 to 95 of 401, columns 72 to 143 of 201]
537.45 537.15 536.8 536.49 536.16 535.83 535.46 535.1 534.72 534.4 534.01 533.6 533.16 532.91 532.45 531.98 531.47 531.13 530.83 530.35 529.67 529.34 528.77 528.34 527.89 527.6 527.24 526.89 526.4 525.72 526.33 526.28 526.32 526.39 526.46 526.51 526.57 526.64 526.67 526.7 525.88 525.53 525.24 525.12 525.08 524.92 524.84 524.53 523.44 522.88 522.63 522.43 522.21 521.94 521.64 521.3 520.92 520.48 520.05 519.64 519.29 519.01 518.8 518.63 518.53 518.45 518.42 518.42 518.42 518.45 518.49 518.58
537.18 536.83 536.5 536.19 535.89 535.54 535.13 534.8 534.45 534.19 533.78 533.47 533.14 532.82 532.25 531.85 531.18 530.69 530.26 529.81 529.45 529.12 528.53 527.98 527.56 527.25 527.02 526.75 526.37 525.95 526.29 526.27 526.3 526.37 526.43 526.45 526.48 526.56 526.58 526.62 525.69 525.28 524.95 524.75 524.28 524.36 524.5 524.34 523.45 522.76 522.52 522.32 522.11 521.87 521.6 521.28 520.94 520.55 520.14 519.71 519.37 519.05 518.8 518.65 518.51 518.43 518.4 518.41 518.4 518.46 518.49 518.55
536.86 536.51 536.2 535.91 535.62 535.28 534.89 534.58 534.24 534 533.65 533.42 532.99 532.41 531.98 531.49 531.04 530.57 530.09 529.62 529.21 528.91 528.47 527.8 527.37 526.99 526.7 526.46 526.06 525.74 526.18 526.2 526.27 526.33 526.36 526.38 526.4 526.46 526.5 526.55 525.52 525 524.7 524.68 524.49 524.48 524.48 524.4 523.37 522.64 522.39 522.18 521.97 521.75 521.52 521.24 520.93 520.58 520.19 519.78 519.44 519.1 518.85 518.66 518.5 518.42 518.38 518.38 518.4 518.46 518.5 518.54
536.56 536.21 535.91 535.67 535.4 535.09 534.72 534.4 534.15 533.88 533.62 533.17 532.62 532.26 531.67 531.31 530.91 530.45 529.99 529.56 529.1 528.78 528.49 527.66 527.23 526.83 526.49 526.2 525.96 524.84 526.11 526.13 526.21 526.23 526.26 526.31 526.37 526.41 526.45 526.5 525.33 524.66 524.51 524.54 524.55 524.57 524.56 524.33 523.37 522.51 522.27 522.04 521.83 521.64 521.4 521.14 520.85 520.54 520.18 519.81 519.48 519.13 518.88 518.71 518.51 518.42 518.38 518.39 518.42 518.45 518.48 518.47
536.26 535.96 535.7 535.44 535.25 534.95 534.61 534.29 534.14 533.86 533.29 532.79 532.46 532.26 531.58 531.22 530.83 530.43 529.97 529.5 529.09 528.72 528.5 527.59 527.16 526.73 526.33 526.01 525.74 524.52 526.06 526.08 526.17 526.2 526.18 526.24 526.32 526.34 526.43 526.41 525.23 524.4 524.04 524.4 524.55 524.59 524.51 524.07 523.21 522.38 522.15 521.93 521.71 521.53 521.28 521 520.73 520.48 520.12 519.79 519.45 519.14 518.92 518.74 518.57 518.47 518.44 518.43 518.42 518.44 518.43 518.42
536.01 535.72 535.51 535.31 535.11 534.9 534.62 534.31 534.1 533.43 533.02 532.62 532.41 532.22 531.53 531.22 530.83 530.43 530.02 529.52 529.07 528.71 528.45 527.53 527.11 526.63 526.23 525.88 525.6 524.52 525.76 526.01 526.09 526.11 526.14 526.17 526.23 526.26 526.32 526.32 525 524.04 523.81 524.52 524.49 524.44 524.31 523.76 523.01 522.25 522.03 521.8 521.6 521.4 521.16 520.88 520.61 520.35 520.06 519.71 519.37 519.08 518.9 518.74 518.57 518.48 518.46 518.44 518.42 518.4 518.39 518.4
535.76 535.57 535.36 535.2 535.04 534.84 534.56 534.26 533.58 533.28 532.89 532.61 532.35 532.18 531.52 531.18 530.82 530.43 530.01 529.55 529.11 528.7 528.39 527.66 527.04 526.58 526.12 525.73 525.43 524.54 524.98 525.96 526.03 526.07 526.12 526.2 526.22 526.17 526.05 525.93 524.49 523.37 523.42 523.31 523.09 522.73 522.92 522.69 522.38 522.14 521.89 521.68 521.49 521.29 521.05 520.77 520.52 520.24 519.95 519.59 519.28 518.98 518.78 518.64 518.49 518.46 518.42 518.41 518.41 518.36 518.35 518.37
535.57 535.43 535.25 535.19 535.03 534.82 534.41 533.8 533.64 533.25 532.97 532.64 532.35 532.17 531.7 531.21 530.87 530.46 530.05 529.59 529.12 528.69 528.37 527.83 527 526.5 526.02 525.58 525.24 524.76 523.85 525.4 525.18 524.87 524.5 524.4 524.21 524.24 524.1 523.89 522.88 522.77 523.01 522.97 522.67 522.54 522.62 522.68 522.5 521.95 521.73 521.54 521.36 521.17 520.95 520.68 520.43 520.16 519.83 519.48 519.17 518.87 518.65 518.52 518.41 518.36 518.35 518.36 518.35 518.36 518.33 518.38
535.42 535.31 535.26 535.17 535.01 534.66 534.14 533.98 533.76 533.39 533.03 532.69 532.38 532.15 531.88 531.2 530.88 530.48 530.07 529.6 529.15 528.7 528.36 527.96 526.9 526.45 525.93 525.45 525.05 524.76 523.4 524.4 523.1 523.63 523.67 523.57 523.37 523.36 523.26 522.78 522.46 522.56 522.68 522.74 522.78 522.72 522.51 522.45 522.57 521.78 521.58 521.4 521.22 521.04 520.85 520.55 520.32 520.05 519.76 519.42 519.12 518.76 518.56 518.41 518.3 518.25 518.24 518.29 518.32 518.33 518.35 518.39
535.31 535.25 535.2 535.12 534.82 534.43 534.24 534.09 533.84 533.43 533.06 532.74 532.39 532.13 531.91 531.22 530.89 530.51 530.09 529.63 529.17 528.7 528.34 528.05 526.87 526.4 525.85 525.32 524.87 524.53 522.93 523.4 522.83 523.06 523.26 523.27 523.21 523.1 522.84 522.43 522.45 522.49 522.52 522.53 522.59 522.57 522.44 522.37 522.48 521.62 521.42 521.23 521.06 520.87 520.71 520.44 520.21 519.96 519.66 519.33 519.02 518.71 518.47 518.33 518.21 518.14 518.17 518.25 518.31 518.36 518.38 518.45
535.23 535.21 535.14 534.83 534.62 534.41 534.32 534.13 533.87 533.53 533.13 532.77 532.41 532.11 531.87 531.22 530.93 530.51 530.09 529.66 529.18 528.72 528.34 528.05 526.93 526.32 525.79 525.22 524.69 524.3 522.62 523.1 522.82 522.81 522.94 522.98 522.94 522.85 522.66 522.47 522.45 522.5 522.47 522.48 522.52 522.52 522.45 522.41 522.16 521.46 521.25 521.08 520.9 520.74 520.56 520.31 520.08 519.85 519.56 519.26 518.94 518.65 518.41 518.26 518.17 518.08 518.13 518.22 518.34 518.4 518.45 518.53
535.14 535.03 534.78 534.5 534.41 534.44 534.31 534.14 533.89 533.56 533.15 532.77 532.4 532.06 531.84 531.34 530.91 530.52 530.11 529.68 529.19 528.73 528.32 528 527.08 526.21 525.72 525.16 524.57 524.19 523.4 523.42 522.53 522.54 522.69 522.71 522.69 522.66 522.58 522.44 522.46 522.49 522.46 522.48 522.52 522.5 522.42 522.55 521.88 521.31 521.09 520.93 520.75 520.58 520.4 520.2 519.95 519.72 519.48 519.17 518.86 518.6 518.35 518.21 518.14 518.07 518.12 518.21 518.37 518.48 518.54 518.61
534.93 534.63 534.2 534.07 534.1 534.18 534.16 534.04 533.83 533.49 533.11 532.73 532.4 532.08 531.82 531.47 530.91 530.52 530.1 529.66 529.2 528.73 528.3 527.96 527.23 526.31 525.69 525.02 524.48 524.01 523.47 523.42 522.48 522.5 522.53 522.45 522.45 522.46 522.46 522.44 522.41 522.45 522.48 522.55 522.53 522.49 522.44 522.42 521.76 521.14 520.93 520.77 520.6 520.43 520.26 520.05 519.83 519.61 519.38 519.07 518.79 518.54 518.33 518.2 518.11 518.05 518.08 518.22 518.37 518.49 518.6 518.66
534.35 534.27 533.81 533.6 533.65 533.81 533.95 533.93 533.72 533.46 533.08 532.69 532.33 531.98 531.73 531.49 530.85 530.5 530.09 529.65 529.18 528.71 528.28 527.92 527.39 526.22 525.62 524.99 524.36 523.8 523.52 523.28 522.36 522.46 522.45 522.38 522.4 522.39 522.36 522.38 522.37 522.47 522.44 522.51 522.52 522.5 522.43 522.46 521.72 520.96 520.77 520.59 520.44 520.29 520.11 519.91 519.7 519.47 519.26 518.97 518.72 518.48 518.27 518.14 518.04 518 518.04 518.16 518.31 518.45 518.55 518.61
534.02 533.49 533.33 533.23 533.31 533.48 533.67 533.69 533.5 533.3 532.98 532.61 532.28 531.92 531.6 531.38 530.75 530.45 530.04 529.61 529.16 528.71 528.23 527.82 527.47 526.08 525.53 524.87 524.2 523.66 523.3 522.84 522.28 522.34 522.35 522.39 522.42 522.39 522.35 522.29 522.35 522.44 522.44 522.49 522.53 522.54 522.46 522.47 521.47 520.81 520.63 520.44 520.29 520.14 519.99 519.76 519.56 519.34 519.12 518.86 518.62 518.38 518.2 518.09 517.98 517.94 517.94 518.05 518.19 518.31 518.42 518.49
533.16 533.07 532.97 532.95 533.01 533.23 533.42 533.43 533.3 533.08 532.77 532.39 532.08 531.77 531.48 531.25 530.67 530.39 529.98 529.56 529.1 528.62 528.15 527.72 527.4 525.98 525.39 524.74 524.06 523.5 523.1 522.26 522.53 522.35 522.36 522.4 522.41 522.39 522.39 522.34 522.34 522.46 522.49 522.5 522.57 522.61 522.61 522.46 521.39 520.67 520.45 520.28 520.11 519.99 519.83 519.63 519.44 519.21 519.02 518.76 518.52 518.31 518.16 518.02 517.94 517.89 517.88 517.93 518.06 518.17 518.25 518.34
532.79 532.78 532.75 532.76 532.85 533.02 533.13 533.11 532.98 532.79 532.5 532.13 531.84 531.55 531.28 531.09 530.7 530.29 529.9 529.46 529.02 528.52 528.04 527.56 527.21 525.88 525.2 524.56 523.89 523.3 523.03 521.76 522.36 522.36 522.31 522.36 522.39 522.37 522.4 522.34 522.33 522.48 522.52 522.54 522.67 522.76 522.71 522.36 521.23 520.47 520.27 520.11 519.96 519.82 519.68 519.49 519.28 519.08 518.9 518.67 518.43 518.23 518.07 517.96 517.89 517.82 517.81 517.83 517.94 518.05 518.12 518.21
532.6 532.55 532.56 532.61 532.68 532.8 532.8 532.66 532.54 532.37 532.16 531.83 531.58 531.33 531.07 530.91 530.68 530.15 529.78 529.34 528.88 528.37 527.88 527.36 526.95 525.89 524.98 524.34 523.71 523.08 522.74 521.69 522.36 522.34 522.29 522.34 522.38 522.38 522.4 522.36 522.34 522.46 522.51 522.58 522.86 523.15 522.98 522.22 520.96 520.28 520.09 519.95 519.79 519.66 519.53 519.34 519.16 518.96 518.75 518.57 518.35 518.14 517.99 517.89 517.82 517.75 517.74 517.74 517.82 517.93 518 518.08
532.51 532.42 532.38 532.39 532.41 532.42 532.34 532.21 532.07 531.93 531.75 531.51 531.31 531.1 530.89 530.72 530.52 529.98 529.63 529.17 528.7 528.16 527.64 527.11 526.66 525.86 524.7 524.1 523.47 522.9 522.48 521.26 522.4 522.26 522.29 522.38 522.41 522.42 522.41 522.34 522.31 522.43 522.49 522.69 523.11 524.03 523.49 522.12 520.7 520.1 519.91 519.77 519.66 519.51 519.37 519.2 519.02 518.85 518.66 518.46 518.26 518.06 517.91 517.83 517.76 517.7 517.68 517.68 517.72 517.83 517.92 517.98
532.23 532.17 532.09 532.08 532 531.94 531.85 531.74 531.63 531.51 531.35 531.17 531.03 530.85 530.67 530.51 530.33 529.77 529.43 528.97 528.44 527.92 527.33 526.8 526.32 525.67 524.43 523.84 523.25 522.67 522.19 521.32 522.09 522.14 522.33 522.46 522.45 522.41 522.39 522.33 522.3 522.4 522.48 522.83 523.07 524.72 524 522.1 520.48 519.93 519.73 519.61 519.47 519.34 519.23 519.06 518.9 518.74 518.56 518.35 518.18 517.98 517.86 517.79 517.71 517.64 517.65 517.63 517.65 517.75 517.85 517.87
531.72 531.68 531.62 531.59 531.5 531.41 531.36 531.26 531.12 531.01 530.95 530.8 530.67 530.51 530.34 530.2 530.04 529.54 529.11 528.64 528.15 527.62 526.99 526.44 525.95 525.5 524.14 523.6 522.99 522.45 522.02 521.49 521.94 522.06 522.4 522.4 522.42 522.4 522.39 522.33 522.26 522.38 522.48 522.66 522.73 523.5 522.92 522.06 520.3 519.76 519.57 519.43 519.32 519.21 519.08 518.93 518.79 518.63 518.45 518.27 518.09 517.92 517.82 517.73 517.66 517.59 517.61 517.58 517.58 517.65 517.73 517.78
531.12 531.13 531.1 531.03 530.94 530.83 530.8 530.71 530.59 530.52 530.48 530.4 530.33 530.24 530.06 529.9 529.76 529.38 528.74 528.3 527.76 527.21 526.62 526.05 525.59 525.21 523.83 523.31 522.74 522.22 521.86 521.28 521.81 521.88 522.5 522.59 522.43 522.35 522.35 522.3 522.67 522.37 522.43 522.49 522.46 521.58 520.32 521.83 520.39 519.59 519.43 519.29 519.17 519.06 518.95 518.8 518.66 518.52 518.38 518.18 518.03 517.85 517.77 517.7 517.62 517.57 517.54 517.56 517.54 517.57 517.67 517.7
530.54 530.53 530.49 530.42 530.35 530.25 530.25 530.19 530.12 530.09 530.06 530.02 530 529.93 529.79 529.63 529.48 529.19 528.33 527.87 527.34 526.81 526.22 525.69 525.21 524.85 523.56 523.04 522.49 522.02 521.71 520.97 521.69 521.74 522.53 522.67 522.47 522.35 522.36 522.34 522.75 522.32 522.4 522.46 522.5 520.89 520.26 520.31 520.34 519.45 519.28 519.13 519.02 518.93 518.82 518.68 518.55 518.4 518.29 518.1 517.95 517.79 517.71 517.66 517.6 517.55 517.5 517.52 517.5 517.51 517.58 517.6
529.95 529.96 529.94 529.91 529.81 529.74 529.74 529.73 529.7 529.68 529.68 529.7 529.74 529.7 529.53 529.41 529.21 528.8 527.85 527.37 526.86 526.35 525.83 525.33 524.85 524.48 523.28 522.78 522.26 521.81 521.63 521.33 521.57 521.65 522.56 522.83 522.52 522.36 522.37 522.3 522.19 522.31 522.36 522.42 522.44 521.26 520.41 520.43 520.25 519.31 519.13 519.01 518.88 518.8 518.7 518.58 518.45 518.33 518.19 518.04 517.91 517.75 517.67 517.64 517.57 517.5 517.49 517.48 517.44 517.44 517.49 517.52
529.49 529.48 529.46 529.44 529.39 529.34 529.32 529.36 529.39 529.37 529.41 529.37 529.19 528.9 528.5 528.15 527.97 527.87 527.34 526.86 526.35 525.9 525.4 524.92 524.46 524.11 523.03 522.59 522.07 521.66 521.41 521.2 521.47 521.54 522.55 522.86 522.47 522.34 522.38 522.38 522.37 522.39 522.39 522.34 522.18 521.7 520.86 520.39 520.06 519.15 518.99 518.87 518.76 518.68 518.59 518.48 518.37 518.26 518.12 517.99 517.83 517.71 517.66 517.61 517.55 517.48 517.46 517.43 517.41 517.38 517.4 517.43
529.16 529.14 529.11 529.11 529.09 529.06 528.91 528.72 528.5 528.27 528.16 528.15 528.13 528.08 527.96 527.84 527.71 527.53 526.86 526.34 525.87 525.41 524.96 524.51 524.06 523.73 522.78 522.27 521.82 521.43 521.17 521.18 521.33 521.42 522.08 522.37 522.24 522.25 522.38 522.48 522.48 522.46 522.38 522.36 522.39 521.57 520.4 520.17 519.72 519.06 518.87 518.76 518.66 518.57 518.5 518.38 518.27 518.18 518.07 517.94 517.82 517.69 517.63 517.61 517.53 517.48 517.44 517.4 517.38 517.35 517.36 517.38
528.94 528.79 528.49 528.17 527.98 527.89 527.83 527.88 527.92 527.92 527.94 527.92 527.81 527.48 527.04 526.73 526.52 526.38 526.15 525.78 525.33 524.89 524.5 524.07 523.65 523.33 522.52 522.02 521.61 521.27 521.05 520.95 521.17 521.35 521.58 521.85 521.94 522.11 522.42 522.65 522.7 522.64 522.5 522.36 522.29 521.92 520.69 520.01 519.52 518.94 518.77 518.66 518.55 518.48 518.4 518.29 518.19 518.12 518.02 517.88 517.79 517.66 517.61 517.58 517.53 517.46 517.4 517.39 517.35 517.32 517.3 517.33
527.9 527.83 527.81 527.79 527.73 527.7 527.55 527.33 527.02 526.83 526.78 526.8 526.75 526.67 526.49 526.31 526.1 525.86 525.63 525.22 524.8 524.41 524.01 523.64 523.25 522.94 522.31 521.79 521.4 521.14 520.95 520.83 520.96 521.14 521.4 521.62 521.73 522.09 522.54 522.64 522.64 522.6 522.56 522.34 522.18 521.91 521.15 519.8 519.29 518.82 518.66 518.57 518.46 518.39 518.32 518.23 518.13 518.05 517.96 517.84 517.73 517.62 517.6 517.55 517.5 517.44 517.37 517.38 517.32 517.29 517.26 517.31
527.8 527.62 527.34 527.05 526.78 526.64 526.53 526.47 526.45 526.44 526.41 526.38 526.29 526.17 525.94 525.76 525.48 525.24 525.05 524.7 524.3 523.91 523.56 523.22 522.84 522.58 522.05 521.61 521.25 521.03 520.88 520.64 520.84 521 521.45 521.58 521.65 521.78 522.07 522.13 522.14 522.12 522.16 522.18 522.02 521.81 521.02 519.66 519.16 518.73 518.57 518.49 518.39 518.31 518.25 518.16 518.07 518.01 517.92 517.8 517.71 517.61 517.58 517.54 517.49 517.44 517.4 517.35 517.31 517.28 517.25 517.28
527.05 526.86 526.69 526.58 526.49 526.39 526.24 526.17 526.07 525.99 525.89 525.78 525.64 525.47 525.3 525.09 524.84 524.65 524.45 524.2 523.84 523.48 523.15 522.82 522.49 522.28 521.88 521.44 521.11 520.94 520.77 520.4 520.7 520.84 521.67 521.64 521.63 521.64 521.95 521.99 522.02 522.03 522.03 521.94 521.83 521.59 520.71 519.52 519.08 518.64 518.5 518.41 518.32 518.26 518.19 518.12 518.03 517.98 517.88 517.79 517.7 517.6 517.57 517.54 517.51 517.41 517.38 517.35 517.34 517.28 517.23 517.26
526.89 526.73 526.46 526.25 526.1 525.98 525.84 525.7 525.6 525.49 525.39 525.25 525.11 524.95 524.76 524.49 524.23 524.04 523.89 523.74 523.43 523.09 522.79 522.48 522.21 522.02 521.71 521.31 521.01 520.83 520.69 520.2 520.47 520.58 521.19 521.41 521.47 521.57 521.62 521.69 521.67 521.69 521.63 521.57 521.41 521.16 520.51 519.35 518.94 518.55 518.43 518.35 518.26 518.22 518.16 518.08 518.01 517.94 517.85 517.78 517.67 517.57 517.56 517.54 517.48 517.4 517.36 517.34 517.32 517.26 517.23 517.24
526.48 526.33 526.09 525.85 525.68 525.56 525.43 525.34 525.23 525.07 524.9 524.73 524.55 524.34 524.14 523.9 523.66 523.51 523.4 523.35 523.11 522.8 522.51 522.23 521.99 521.84 521.62 521.23 520.92 520.73 520.6 519.84 520.26 520.33 520.73 520.95 521.05 521.11 521.17 521.17 521.07 520.98 521.16 521.06 520.95 520.69 520.11 519.26 518.82 518.48 518.36 518.29 518.21 518.17 518.1 518.03 517.98 517.91 517.82 517.74 517.65 517.58 517.55 517.54 517.47 517.42 517.38 517.33 517.32 517.3 517.23 517.22
