resources/dgm_10.grd
ncols         207
nrows         201
xllcorner     4489600
yllcorner     5320200
cellsize      10
NODATA_value  -9999
[rows 32 to 63 of 201, columns 0 to 71 of 207]
-9999 -9999 -9999 -9999 -9999 -9999 578.1 577.27 576.48 575.39 574.42 573.61 572.91 572.26 571.58 570.8 570.29 569.97 569.77 569.54 569.23 566.91 562.85 561.77 561.95 563.3 567.11 566.85 565.94 564.32 563.66 563.38 562.95 562.62 562.45 562 560.29 559.31 558.13 557.04 553.36 549.33 549.25 548.08 547.94 547.29 546.4 545.28 543.62 541.73 539.83 538.11 536.94 535.8 534.9 534.89 533.57 533.22 532.13 531.66 531.45 530.99 530.24 530.41 530.43 529.68 529.43 529.32 529.12 528.94 528.79 528.68
-9999 -9999 -9999 -9999 -9999 -9999 577.4 576.02 575.07 574.4 573.76 573.09 572.25 571.5 570.87 570.41 569.98 569.04 568.79 568.7 565.2 562.1 562.93 566.44 567.36 568.29 567.62 566.8 565.71 564.71 564.15 563.22 562.74 562.36 562.02 561.79 561.73 561.56 561.09 559.33 555.63 551.86 548.8 547.99 546.8 545.92 544.99 543.8 542.39 541.17 539.93 538.63 538.42 535.62 535.63 535.16 533.59 533.18 532.59 531.51 531.01 530.83 530.12 529.86 530.23 529.89 529.22 529.18 529.12 528.91 528.75 528.64
-9999 -9999 -9999 -9999 -9999 -9999 575.73 575.07 574.39 573.74 572.99 572.32 571.61 571.06 570.41 569.76 567.44 566 567.95 564.94 563.07 565.59 567.81 569.82 569.47 568.53 567.77 566.76 565.72 564.88 564.11 563.44 562.62 562.12 561.8 561.68 561.43 561.35 561.32 560.76 557.75 554.04 551.22 548.43 546.81 545.6 544.54 543.5 542.46 541.43 540.48 539.89 539.47 539.1 537 535.39 534.3 533.2 532.93 531.38 530.97 530.79 529.99 529.68 529.67 530.06 529.5 528.92 528.98 528.85 528.64 528.55
-9999 -9999 -9999 -9999 -9999 -9999 575.01 574.42 573.86 573.17 572.54 571.91 571.1 570.46 569.87 567.51 564.87 564.76 563.69 563.47 564.63 568.03 569.51 569.74 569.14 568.56 567.77 566.82 565.79 564.72 563.94 563.37 562.95 562 561.66 561.45 561.42 561.21 561.11 560.9 560.1 556.87 553.78 550.76 547.48 545.34 544.8 544.18 542.81 542.45 541.76 541.46 541.22 539.37 538.87 536.17 535.18 533.51 532.95 531.23 530.92 530.98 529.88 529.76 529.61 529.64 529.89 528.96 528.66 528.64 528.55 528.44
-9999 -9999 -9999 -9999 -9999 -9999 574.33 574.13 573.49 572.95 572.22 571.46 570.93 570.25 569.21 565.19 565.23 565.77 567.4 566.74 568.96 569.38 569.49 569.47 569.07 568.37 567.69 566.89 565.82 564.72 563.81 563.18 562.73 562.47 561.61 561.36 561.21 561.13 561.08 560.83 560.57 559.8 556.96 553.77 550.43 547.76 546.01 545.16 544.56 544.01 543.39 542.97 542.52 541.36 539.56 537.45 534.65 533.34 531.53 530.99 530.86 530.64 530.13 529.77 529.45 529.35 529.84 529.61 528.77 528.54 528.5 528.37
-9999 -9999 -9999 -9999 -9999 -9999 573.89 573.76 573.2 572.54 571.98 571.57 570.81 569.68 569 565.91 566.82 566.15 568.67 569.46 569.79 570.05 569.87 569.6 568.87 568.25 567.69 566.8 565.81 564.76 563.85 563.15 562.59 562.21 562.03 561.23 561.09 561.01 560.92 560.81 560.6 560.43 559.89 557.91 554.58 551.93 550.38 549.33 548.41 546.23 545.23 544.54 543.58 541.94 540.07 537.93 535.59 532.94 531.22 530.68 530.54 530.97 530.72 529.83 529.39 529.35 529.14 529.67 529.03 528.5 528.44 528.31
-9999 -9999 -9999 -9999 -9999 -9999 572.43 571.21 570.48 570.03 569.03 571.02 569.74 568.68 566.73 566.21 567.94 567.41 569.46 570.1 570.61 570.57 570.37 569.5 568.77 568.15 567.53 566.76 565.81 564.84 563.97 563.24 562.59 562.02 561.68 561.43 560.89 560.82 560.75 560.7 560.67 560.42 560.19 559.79 559.14 557.36 555.23 553.94 552.59 550.51 547.55 545.8 544.77 543.17 540.98 538.71 536.34 533.96 531.72 530.69 530.37 530.73 531.11 529.9 529.34 529.25 529.3 529.19 529.45 528.77 528.34 528.27
-9999 -9999 -9999 -9999 -9999 -9999 574.16 571.98 573.37 572.3 571.3 569.01 568.26 567.5 569.36 567.94 567.69 568.67 569.76 570.43 570.75 570.72 570.46 569.49 568.7 568.04 567.42 566.7 565.85 564.98 564.17 563.36 562.65 561.96 561.49 561.16 560.61 560.51 560.49 560.49 560.41 560.42 560.17 560.04 559.88 559.69 559.66 558.99 557.08 554.32 550.56 547.49 545.45 543.93 542.21 539.39 537.24 535.21 532.82 531.19 530.58 530.41 530.78 530.38 529.37 529.16 529.17 529.21 529.34 529.3 528.37 528.14
-9999 -9999 -9999 -9999 -9999 -9999 572.84 575.1 574.83 573.62 572.51 571.16 569.92 569.83 570.2 568.56 568.08 569.53 570.05 571.08 570.95 571.15 570.16 569.38 568.65 567.93 567.33 566.66 565.92 565.16 564.28 563.53 562.75 562.01 561.48 561.01 560.52 559.61 559.89 559.93 560.01 559.99 560.08 560.02 560.03 559.9 559.8 559.53 558.8 557.58 553.71 549.35 546.58 544.4 542.55 540.98 538.26 536.25 534.3 532.55 531.15 530.42 530.84 531.08 529.58 529.06 529.02 528.86 529.08 529.38 529.13 528.36
-9999 -9999 -9999 -9999 -9999 -9999 576.09 576.79 575.78 574.68 573.48 571.82 571.3 571.74 571.14 570.13 569.03 569.56 570.52 571.47 571.05 570.87 569.85 569.15 568.46 567.83 567.19 566.54 565.86 565.16 564.46 563.65 562.88 562.21 561.61 561.01 560.3 559.54 558.44 559.24 559.31 559.6 559.87 560 559.97 560.03 559.76 559.5 558.63 557.35 556.09 552.05 547.92 545.04 543.06 541.47 539.55 537.67 535.83 533.87 532.12 530.83 530.33 530.93 530.36 529.06 529.47 528.78 528.84 529.01 529.23 529.03
-9999 -9999 -9999 -9999 -9999 -9999 576.45 576.88 576.16 575.24 574.07 572.64 572.3 572.59 571.95 570.89 569.97 570.34 571.29 571.43 571.32 570.43 569.62 568.91 568.22 567.63 566.99 566.35 565.77 565.15 564.5 563.79 563.12 562.46 561.75 561.14 560.19 559.14 558.11 557.16 557.4 559.31 559.6 559.81 559.83 559.81 559.64 559.06 558.08 556.89 555.57 554.38 550.22 545.83 543.81 542.41 539.88 538.72 537.12 534.94 533.01 531.83 530.53 530.26 530.76 529.37 529.75 528.92 528.77 528.81 529.04 529.1
-9999 -9999 -9999 -9999 -9999 -9999 575.81 575.5 575.77 575.24 573.88 572.91 572.35 572.08 571.61 570.66 570.74 571.42 571.52 571.32 571.44 570.25 569.55 568.71 567.98 567.35 566.83 566.25 565.61 565.11 564.58 564.02 563.52 562.83 562.1 561.14 560.2 558.93 557.65 556.2 556.22 558.22 559.26 559.45 559.59 559.56 559.38 558.29 557.14 555.76 554.72 553.59 552.12 546.97 544.85 543.54 540.75 539.67 538.2 536.02 534.22 532.88 531.11 530.39 528.19 528.82 528.83 528.68 528.61 528.64 528.87 529
-9999 -9999 -9999 -9999 -9999 -9999 575.26 575.05 574.75 574.39 573.98 573.59 572.55 572.1 571.51 570.99 572.25 572.21 571.31 571.26 570.67 570.04 569.37 568.61 567.81 567.16 566.65 566.17 565.68 565.17 564.72 564.5 564.09 563.43 562.43 561.37 560.27 558.93 557.39 555.55 554.73 555.52 558.36 558.96 559.12 559.25 558.7 557.2 555.81 554.32 553.35 552.45 551.44 548.19 545.94 544.76 541.81 540.71 539.3 537.23 535.57 534.26 532.42 530.91 530.39 529.53 528.68 528.56 528.5 528.58 528.9 527.4
-9999 -9999 -9999 -9999 -9999 -9999 575.78 575.32 575.02 574.86 574.3 573.68 573.09 572.28 571.82 571.76 572 571.61 571.12 571.34 570.29 569.76 569.12 568.39 567.61 566.98 566.53 566.11 565.69 565.25 565.11 565.05 564.65 563.95 562.91 561.76 560.54 559.09 556.88 554.63 553.79 553.94 555.63 558.36 554.95 553.19 552.73 553.34 554.2 552.7 551.68 550.95 550.11 548.66 546.74 545.61 542.69 541.51 540.06 538.19 536.59 535.31 533.29 531.41 531.06 530.7 530.25 529.13 527.55 527.78 528.98 528.7
-9999 -9999 -9999 -9999 -9999 -9999 576.69 576.28 575.77 575.33 574.73 574.02 573.26 572.58 572.25 572.31 571.54 571.12 571.37 570.32 569.87 569.41 568.79 567.98 567.3 566.81 566.34 565.94 565.61 565.37 565.36 565.43 565.07 564.29 563.35 562.17 560.63 559.01 557.58 554.23 552.96 552.66 553.17 555.63 552.13 552.34 551.94 552.04 552.42 550.97 549.91 549.34 548.7 547.96 546.54 545.53 543.02 541.76 540.28 538.57 537.08 535.41 533.3 531.58 531.21 530.7 530.28 529.8 529.43 529.31 529.3 529.04
-9999 -9999 -9999 -9999 -9999 -9999 578 577.08 576.52 575.9 575.45 574.39 573.48 573.02 572.78 572.54 571.61 571.4 570.46 569.79 569.33 568.92 568.32 567.52 566.95 566.46 566.13 565.7 565.43 565.35 565.3 565.34 565.12 564.46 563.46 562.23 560.71 559.03 557.49 554.47 552.39 551.75 551.69 552.77 550.83 551.18 551.11 550.76 550.58 549.21 548.24 547.71 547.2 546.73 545.63 544.59 542.64 541.4 539.89 538.45 537.02 535.06 532.89 531.52 531.53 530.93 530.47 530.14 529.8 529.66 529.57 529.25
-9999 -9999 -9999 -9999 -9999 -9999 580.43 578.9 577.94 576.96 575.92 574.75 573.96 573.22 572.8 571.96 571.74 570.81 570.14 569.3 568.87 568.43 567.92 567.09 566.56 566.37 565.97 565.54 565.25 564.99 564.93 564.96 564.62 563.98 563.25 562.05 560.61 559.03 557.26 555.5 552 550.89 550.78 550.55 549.67 549.6 549.51 549.61 549.06 547.73 546.78 546.26 545.78 545.27 544.41 543.17 541.84 540.67 539.28 538.01 536.15 534.07 532.68 532.07 531.89 531.29 530.9 530.47 530.31 530.21 529.76 528.64
-9999 -9999 -9999 -9999 -9999 -9999 582.53 581.69 579.73 578.22 576.9 575.62 574.39 573.67 573.26 572.98 572.26 570.81 569.84 568.2 566.55 566.44 567.29 566.76 566.31 565.48 562.63 563.11 563.77 564.06 564.27 563.95 563.68 563.23 562.52 561.48 560.26 558.87 557.13 555.31 552.27 550.39 549.86 549.26 548.97 548.49 548.15 548.09 547.84 546.72 545.7 545.12 544.63 544.09 543.25 541.99 541.09 540.1 538.82 536.91 534.9 533.32 532.78 532.34 532.15 531.59 531.21 530.9 530.87 530.25 529.42 528.63
-9999 -9999 -9999 -9999 -9999 -9999 584.74 582.95 581.57 579.75 577.42 575.88 574.65 574.31 573.97 573.28 572.24 571.14 569.5 567.77 568.36 567.62 564.07 564.53 565.95 565.05 560.53 558.88 558.56 559.51 562.56 563.15 562.62 562.02 561.3 560.44 559.39 558.24 556.66 554.81 553.07 549.94 549.1 548.91 548.06 547.53 546.92 546.47 546.74 545.84 544.96 544.33 543.8 543.35 542.43 541.29 540.12 538.78 537.31 535.58 534.03 533.38 533.08 532.71 532.48 532.07 531.7 531.75 531.18 530.43 529.66 528.86
-9999 -9999 -9999 -9999 -9999 -9999 586.64 585.68 584.04 581.22 578.04 575.97 575.05 574.82 574.44 573.53 572.47 571.22 569.54 568.73 568.92 568.64 567.8 565.44 562.06 564.3 560.86 563.86 562.16 558.29 556.9 559.94 561.61 560.8 559.92 559.15 558.32 557.4 556.06 554.44 551.87 549.66 548.69 548.02 547.79 547.03 546.38 545.77 545.1 544.46 544.38 543.84 543.1 542.35 541.3 540.08 538.67 537.56 536.01 534.66 534.07 533.59 533.38 533.09 532.78 532.46 532.45 532.37 531.91 531.46 530.76 529.67
-9999 -9999 -9999 -9999 -9999 -9999 588.23 587.88 586.42 582.5 578.72 576.24 575.61 575.4 574.92 573.91 572.82 571.67 570.33 569.93 569.74 569.37 568.43 567.12 565.43 563.68 564.84 564.37 561.54 557.97 557.98 554.66 556.74 558.82 559.19 557.21 555.31 554.21 553.6 552.37 550.72 549.25 548.56 547.34 546.74 545.97 545.52 544.91 544.35 543.87 543.46 542.89 541.93 540.9 540.1 539.08 537.83 536.61 535.39 534.78 534.24 533.95 533.61 533.5 533.25 533.33 533.48 533.4 533.11 532.77 532.03 530.98
-9999 -9999 -9999 -9999 -9999 -9999 590.37 589.71 587.41 582.97 579.34 576.93 576.34 575.97 575.51 574.47 573.38 572.33 571.45 570.92 570.73 570.07 569.09 568.04 567.16 566.58 565.91 562.96 563.26 562.76 561.96 558.29 555.25 553.66 555.96 554.79 553.23 552.35 551.78 551 550.1 549.12 547.67 546.6 546.21 545.35 544.71 544.1 543.51 542.98 542.39 541.48 540.64 539.91 539.06 538.65 538.15 537.44 535.82 534.99 534.67 534.37 534 534.01 534.16 534.62 534.66 535.05 534.81 534.43 533.7 532.87
-9999 -9999 -9999 -9999 -9999 -9999 591.57 590.57 587.99 583.83 580.41 578.32 577.08 576.8 576.29 575.24 574.26 573.15 572.38 571.9 571.36 570.69 569.65 568.53 567.68 566.97 565.01 565.27 564.83 563.97 562.5 561.37 559.55 555.72 553.11 552.38 551.8 551.44 550.57 549.8 549.15 548.39 547.28 546.57 545.88 545.03 544.45 543.77 543.18 542.44 541.58 540.78 539.92 539.11 538.39 537.53 536.99 536.81 536.96 536.97 535.47 534.94 534.95 535.34 535.75 535.81 536.24 536.41 536.27 535.78 535.38 535.12
-9999 -9999 -9999 -9999 -9999 -9999 591.98 590.79 588.98 585.5 582.62 579.95 578.36 577.83 577.17 576.01 575.17 574.2 573.35 572.74 571.82 571.19 570.14 568.94 568.16 567.39 566.88 566.31 565.49 564.61 563.45 562.37 560.89 559.33 557.73 556.11 554 551.44 550.63 549.82 549.17 548.44 547.71 546.95 546.04 545.19 544.24 543.57 542.93 542.18 541.29 540.33 539.52 538.82 537.94 537.43 536.89 536.64 536.78 536.78 536.76 536.77 536.66 536.7 536.87 537.14 537.39 537.75 537.71 536.84 536.67 536.94
-9999 -9999 -9999 -9999 -9999 -9999 592.27 591.16 590.08 587.71 584.56 581.83 579.44 578.58 578.01 577.1 576.05 575.22 574.33 573.23 572.22 571.46 570.55 569.75 568.9 568.42 567.6 566.67 565.78 565.03 563.88 562.29 560.55 559.44 558.34 557.3 555.87 554.36 552.82 551.35 549.74 548.52 548.21 547.49 546.51 545.45 544.3 543.37 542.62 541.9 541.08 539.97 538.98 538.37 537.65 537.19 536.84 536.96 536.98 536.91 536.95 537.02 537.5 537.38 538.13 538.52 538.77 539.06 538.97 537.97 538.03 538.46
-9999 -9999 -9999 -9999 -9999 -9999 592.91 592.11 591.12 589.41 586.83 583.75 581.29 579.62 578.7 578.21 576.86 575.98 575.07 573.78 572.8 572.07 571.39 570.54 569.55 568.94 567.95 566.82 565.89 564.35 561.88 560.04 558 556.97 556.82 556.07 555.11 553.94 552.72 551.43 550.08 549.46 548.56 547.67 546.66 545.56 544.28 543.12 542.39 541.63 540.93 540.03 539.13 538.45 537.81 537.38 537.11 537.23 537.21 537.25 537.54 538.29 538.59 539.12 539.45 539.99 540.11 540.57 540.41 540.08 540.09 540.16
-9999 -9999 -9999 -9999 -9999 -9999 594.01 592.99 592.08 590.95 588.74 585.6 582.69 580.5 579.44 579.36 577.75 576.61 575.65 574.62 573.59 572.58 571.77 570.8 569.88 569.01 567.95 566.9 565.3 563.01 560.16 558.47 557.9 556.63 555.68 554.96 553.51 553.48 552.09 551.71 550.92 549.95 549.1 548.14 546.35 545.88 544.4 543.09 542.26 541.6 540.81 540.02 539.25 538.58 538.18 537.58 537.44 537.42 537.54 538.12 539.14 539.65 540.27 540.43 540.69 541.25 541.8 541.8 542.05 542 542 541.85
-9999 -9999 -9999 -9999 -9999 -9999 595.34 594.39 593.15 592.06 590.47 587.42 584.33 581.86 580.4 580.24 578.5 577.37 576.24 575.1 574.13 572.89 571.89 570.92 569.9 569.07 567.86 566.07 563.83 560.88 560.09 560.4 559.57 558.6 556.97 556.21 555.34 554.8 554.09 553.33 552.63 551.38 550.02 549.23 548.2 546.24 544.48 543.4 542.69 541.99 541.16 540.15 539.4 538.89 538.4 537.96 537.72 537.78 538.6 539.83 541.19 541.79 541.94 542.04 542.28 542.94 543.28 543.48 543.66 543.74 543.81 543.56
-9999 -9999 -9999 -9999 -9999 -9999 597.01 595.7 594.16 593.13 591.71 589.49 586.27 583.54 581.33 580.85 579.36 578.21 576.77 575.56 574.43 573.17 571.92 570.91 569.96 569.06 567.41 564.71 562.97 561.25 562.29 561.39 560.56 558.91 558.37 557.55 556.66 556.12 555.59 555.06 554.13 552.61 551.57 550.57 549.45 546.79 545.21 544.08 543.19 542.49 541.55 540.57 540.01 539.5 538.79 538.47 538.22 538.64 539.93 541.5 542.13 543.56 543.58 544.01 544.12 544.61 544.74 544.82 545.09 545.37 545.66 545.53
-9999 -9999 -9999 -9999 -9999 -9999 598.05 596.54 595.04 593.66 592.58 590.58 588.13 585.17 582.34 581.49 580.08 578.72 577.35 576 574.67 573.51 571.99 570.96 569.89 568.3 566.28 564.39 562.62 563.56 563.04 562.39 561.55 559.68 559.78 558.66 557.98 557.62 556.97 556.28 555.18 554.09 552.99 552.1 551.06 547.77 545.75 545.06 544.28 543.2 542.07 541.24 540.72 540.18 539.13 539.12 539.02 539.75 540.92 542.36 542.86 544.52 544.54 545.49 545.86 546.1 546.15 546.39 546.72 547.18 547.37 547.58
-9999 -9999 -9999 -9999 -9999 -9999 598.32 596.86 595.24 593.86 593.06 591.62 589.24 586.43 583.29 582.22 581.02 579.59 578.14 576.41 574.92 573.67 572.3 571.11 569.94 568.57 566.99 565.35 565.15 564.33 563.83 563.11 561.1 561.86 560.82 559.76 559.03 558.55 558.06 557.32 556.39 555.4 554.53 553.42 552.1 548.89 547.03 546.05 545.23 543.99 542.65 542.03 541.54 540.66 539.85 539.88 539.91 540.79 542.12 543.8 543.91 545.5 546.88 547.73 547.74 547.57 547.64 548.16 548.32 548.97 549.15 549.52
-9999 -9999 -9999 -9999 -9999 -9999 598.83 597.03 595.37 593.98 593.46 592.28 590.26 587.49 584.63 583 582.23 580.56 578.72 576.83 575.22 573.91 572.86 571.61 570.32 569.33 567.43 566.87 565.68 564.93 564.3 562.04 563.16 563.09 562.27 561.1 560.06 559.39 558.87 558.2 557.45 556.99 556.3 555.34 553.45 550.37 548.73 547.56 546.5 544.54 543.87 543.03 542.43 541.55 540.68 540.49 541.03 542.1 543.78 545.73 545.07 547.12 548.73 549.52 549.57 549.27 549.19 549.75 549.99 550.59 550.86 552.44
