resources/dgm_50.grd
ncols         40
nrows         41
xllcorner     4489700
yllcorner     5320200
cellsize      50
NODATA_value  -9999
569.5 580.3 574 573.2 566.6 550.4 540.4 539.8 548.5 563.3 569.4 576.2 571.8 564 550.2 551.2 561.1 562.2 560.4 558.4 557 559.1 559.1 556.2 556.6 557.6 558.3 550.1 552.7 562.2 561.3 562.2 561.8 561.3 557.3 554.1 557.9 554.4 554.1 554.1 
577.2 582.3 578.7 573.1 570.3 566.2 563.2 538.3 539.4 561.4 565.5 564.7 563.6 562.8 551.4 543.1 551.2 556.5 556.5 556.2 554.9 555.7 554.5 552.8 550.2 550.4 550.7 544.9 550.5 551.5 554.9 555 554.5 554 552.8 551 542.9 541.1 548.4 550.1 
580.4 581.2 575.8 571.2 568.6 564.4 561.8 536.5 541.4 563.4 555.9 556 557.3 560.5 551.4 541.6 542.9 550.5 553.9 553 552.4 552.4 551.1 549.9 547.2 543.9 541.4 539.8 540.9 543.6 549.4 551.8 550.2 549.9 550.8 550.4 548.3 539.7 533.4 548.5 
579.9 576.5 572.7 571.2 566.6 563.5 549.7 535.6 541.4 556.9 552.9 546.9 548.7 555.8 550.1 540.1 538.8 545.6 551.2 550.3 549.5 548.8 548.3 547.7 544.2 542 542.1 542.1 537.4 537 545.3 547.8 539.9 542.9 544.2 544.5 543.7 543.8 529.9 544.3 
580.9 575.5 572.9 570.5 566.5 562.9 552.7 535.3 535 542.5 545.2 541.1 546.6 544.9 544.4 538.1 536.6 541.9 547.1 548.9 547.2 546.6 545.9 546.4 544.5 545.9 547.2 542.6 533.8 533 541.7 541 535.8 532.8 531.2 528.6 530.5 533 530.6 530.5 
578.9 574.4 571.5 568.9 563.9 561.9 561.6 537.9 535.2 532.3 532.8 534 540.1 534.8 534 536 534.2 535.1 539.8 541.6 542.6 543.1 545.7 545.7 546 546.7 544.2 540 533 530.6 533.9 530.6 522.7 522.6 522.1 523.1 523 523.7 524.4 525.8 
575.8 572.6 569.9 562 562.3 556.2 552 556.7 536.8 534.2 531.7 529.8 528.9 529 530.6 531.9 531.9 530.7 530.8 532.8 535.4 536.8 537.1 540.4 542.8 543.3 539.9 537.1 531.8 529 526.9 524.9 520.8 518.7 519.7 521.1 521.3 521.5 523.1 524.6 
572.5 567.5 564.6 568.6 563.9 561.5 560.1 545.3 541.8 536.2 530.9 529.6 528.5 528.2 528.4 528.7 528.5 528.2 528.3 527.6 529.1 530.8 532.1 534.4 536.6 537.6 536.7 534.4 530.8 526.1 526 523.1 520.6 518.4 519 520.4 521 521.4 521.4 522.4 
572.6 568.6 571 567.9 564.3 561 560 559.9 553.7 540.9 531.2 528.9 528.9 528 527.6 527 526.7 526.6 526.8 526.9 526.9 527 528 529 530.3 531.8 533.3 533.1 530.7 525.2 522.4 522.7 519.3 517.8 518.7 519.2 519.8 519.5 520.3 520.7 
574.3 571.8 570.4 567 565.1 561.8 553.8 553.2 551.7 545.6 536.6 530.7 528.8 528.4 527.1 526.6 526.6 526.3 526.3 526.8 527 527.3 527.6 528.3 527.5 528.1 528.6 527.9 526.6 522.5 522.1 520.9 518.2 517.4 517.4 517.9 519 517.3 519 518.5 
577.4 573.3 568.3 565 562.6 560.4 553 547.5 545 541.3 534 532.1 529.7 527.4 526.6 527.1 526.3 526.3 526 526.6 527.6 526.4 526.9 526.1 525 524.7 522.8 521.4 520.1 519.9 519.3 518.8 517.9 517.5 517.2 517 516.5 516.8 516.1 515.7 
582.6 576 571.9 567.4 563.5 556.1 549.2 545.2 541.3 537.4 536.7 537.2 536.7 532.6 528.2 527.6 526.3 526.4 526.3 526.7 526.1 526.6 526.7 525.8 522.8 524 522.3 521 520.2 519.4 518.7 518.2 517.7 517.4 517.4 517 516.9 515.9 514.7 514 
591.7 580.8 574.4 569 562.2 557.5 554.1 546.8 541.5 538.5 542.2 544.6 545.6 542.9 538.9 536 533.3 528.4 525.2 525.5 526.5 527.3 526.4 526.2 522.4 524.8 522.5 521 520.6 519.5 518.7 517.9 517.5 517.1 517.8 516.1 515.7 515.3 514.9 514.5 
594.2 585 576.4 571.1 564.6 563.4 559.1 552.9 545 542 547.7 552.7 556 555 551 548.8 544.6 539.4 532.7 526.5 525.3 526.6 526.6 526.6 524 521.7 522.1 521 520.2 519.6 519.1 518 517.8 517.9 516.3 516.2 515.7 515.3 514.8 514.4 
592 589.5 581.1 575.1 570.9 566.8 561.4 557.4 550.2 545.7 549.3 558.3 562.4 558.5 555.3 552.3 550.9 549.1 541 531.1 526.1 527 526.8 525.9 524.7 523.1 519.6 520.5 520 519.6 519.1 518 517.8 517 516.1 515.9 515.5 515.3 515.1 518.3 
595.9 591.3 583.3 579.6 574.7 569.8 563.1 556 550.4 551.1 553.7 556.8 557.1 555.5 554.5 553.7 550.6 544.8 534.4 529.6 526.9 526.9 526.6 525.2 523.9 522.5 520.5 520 519.2 518.8 518.2 517.8 517.2 516.8 516.2 515.8 515.6 515.5 521.6 526.8 
596.4 590.8 587.7 582.7 576.2 570.7 563.8 561.9 557.1 557.1 555.5 560.3 558.6 555.9 553.7 549.8 544 536.6 529.7 527.4 526.6 527 526.4 524.6 522 520.8 520.1 519.7 519.1 518.6 518.3 517.7 517.3 516.8 516.3 516.1 517 520.4 527 532.5 
592.5 590.3 587.8 583.9 577.3 572.8 568.4 563 559.1 558.3 558.1 561.4 556.8 554.1 553.5 543.5 537.8 531.2 527.3 526.7 526.6 526 524.9 522.9 521 520.1 519.5 519.2 518.7 518.3 517.8 517.4 517 516.5 516.3 519.7 523.4 528.3 538.7 538.6 
591.3 585.6 584.8 582.2 579.8 575.6 570.9 565.4 562.5 559.8 556.5 554.2 557 551.4 547.2 541.2 533.9 526.3 524 524.6 525 523.2 522.3 521.1 519.9 519.4 519.2 518.8 518.9 518 517.6 517.2 516.9 518.4 522.7 526.5 531.5 538.4 538.1 537.4 
590.1 585 581.2 579.2 576 572.5 563.8 562.3 563.6 559.4 558.5 547.4 555.4 553.7 546.4 539 529.2 525.6 522.8 522 522.1 520.7 520.4 519.8 519.3 519 518.6 518.3 518.3 518.6 517.5 517.8 519.1 524.2 529 538.2 539.2 537.4 537.6 537.5 
587.6 585.7 583 584.3 582.4 574.1 568.9 569.7 567.2 566.7 561.5 554.6 543.7 541.8 539.7 534.1 530.1 527.2 523.5 521.2 521.2 519.8 519.5 519 518.7 518.5 518.2 518.3 517.8 517.7 522.2 526.7 529.3 530.3 534.1 539.3 539.7 539.3 539 540.1 
586.8 588.9 585.1 585.3 582.5 575.9 574.4 574.2 573 572.6 566.9 555.4 552.1 547.7 540.3 538.6 533.3 526.6 523.2 521.6 520.4 518.8 518.8 518.5 518.3 518.2 518.1 518.6 519.5 523.7 535.8 530.2 531.5 538.1 539.4 538.3 540.2 539.8 537.5 537.3 
590.9 590 587.7 580.5 580.7 576.8 577.6 573.1 569.2 566.9 566.5 563.9 558.2 548.9 544 545.1 535.4 526 523.7 521.9 520.2 519 518.2 518.3 518 518 520 522.8 526.5 535.5 539.8 538.2 540.6 538.6 535.7 537.8 539.6 538.8 536.8 533.9 
585 589 585.2 583.6 582.4 577.4 579 579.9 574.7 573.8 570.9 570.5 565.5 553.5 542 536.8 534.5 525 523.3 522.9 519 518.4 518.1 518.2 518.1 520.4 523.5 528.7 533.9 539.7 542.9 540 536.8 538.6 537.6 539.1 536.7 532.9 539.6 543.9 
586.8 584.8 587 587.8 583.7 581.9 581.4 578.3 580.8 577 575.1 572.8 568.4 554.8 543.8 533.8 529.9 525.9 525.6 521.3 519.4 518.4 518.2 518.5 519.6 523.2 527.8 533.3 537.3 541.7 543.9 543.6 543 538.8 539.6 539.3 534.4 533.6 532.2 530 
584.6 584.7 586.7 586.7 588.8 587.1 583.8 582.7 586 580.9 575.3 575.5 571.2 557.1 550.1 538.3 532.4 525.7 525 519.6 518.9 518.5 518.4 519.8 522.3 528.7 536.3 537.6 538.6 544.1 544.7 544.6 544.3 539.4 537.7 538.9 534.9 533 530.6 529.7 
585.6 584.6 587.6 585.6 588.2 590.1 586.4 585.1 589.7 588.1 585.5 580.1 575.1 565.2 555.8 546.6 545.4 529.1 521.7 519.5 519 518.6 519.5 522.4 527.7 534.5 545 544.5 541.8 541 542.2 543 544.4 545.6 543.6 529.5 525.2 525.5 525.1 530.5 
586.3 584.7 585.9 588.4 590.2 590 592.1 593.4 592.2 592.8 593.6 588.5 581.1 568.2 561.8 558.5 554.8 531.8 523.9 519.7 519.1 519.4 522.1 525.2 531.3 539.1 545.9 545.8 542.4 541.7 541.6 542.5 543.6 546.8 546.9 544.6 533.5 524.7 526 528.1 
587.5 585.2 587.6 589.3 596.1 597.5 598.9 603.4 601.1 599.2 600.5 594.5 585.7 576.2 566.3 557.3 547 533.2 524.7 519.7 519 520.1 524.7 533 537.1 542.8 546.3 545.2 546.1 544.6 545.5 546.5 543.5 545.9 547.9 547.3 546.9 536.6 528 527.9 
584.5 588.5 582.2 586.4 590.6 592.1 595 597.2 602.5 604.7 601 596.1 590.3 584.7 573.3 562.3 551.4 533.2 523.3 519.8 518.8 520.6 527 536.8 540 543.2 546.3 548.1 548.1 548 548.1 548.8 542.6 547.9 548.1 547.9 547.6 546.6 540.3 538.1 
586.4 586.7 581.4 583.1 583.7 586.3 587.9 592 595.8 602.1 600.4 596.5 591.6 582 570.7 562.2 549.2 534 524.5 520.2 519.6 521.7 527.7 535.7 539.5 545.6 548.8 547.8 547.7 545.6 548.2 548.8 548.1 548.4 548.1 548.4 548.1 546 541.6 542.4 
583.9 581 582.1 586.6 578.7 579.9 581.4 586.8 591.3 597.3 596.4 593.6 586.3 583.8 572.5 555.9 549.4 533.9 526.5 522.1 519.6 521.7 528.6 540.1 544.2 543.6 549.1 548.1 548.8 547.3 548.3 547.1 548.4 548.4 548.2 548.3 549.1 545.9 550.1 550.1 
577.4 576.8 580.4 580.1 578.4 577.5 577.4 580.2 584.2 590.1 593.4 587.7 587.4 583.8 576.1 558.8 544.5 534.7 527.7 522.8 520 521.8 527.8 540.1 543 546.7 550 549.6 549.8 549.4 548.5 546.4 547.3 548.3 548.3 548.1 551.1 550.6 554.1 548.7 
577.1 577.4 577 576.9 578.2 577.4 577 582.5 586.1 584.5 590.1 591.3 591.7 586.2 570 556.1 545.5 537.2 527.8 522.4 520 521.4 526.3 540.1 549 550.8 551 550.9 550.2 548.4 547.2 548.7 548.4 549.1 553 554.4 553.7 554.3 552.4 557 
576.8 576.9 576.9 576.9 577.3 577.6 576.8 577.3 582.4 586.8 590.5 595 592 584.2 572.3 560 557.1 549.1 531.5 523.1 520.6 520.3 524.7 535.9 548.6 551.1 551.3 550 552 552.8 552.1 550.8 553.1 553.4 554.6 553.9 556.4 557 556.9 558.6 
576.8 576.8 576.8 576.8 576.9 576.9 576.9 576.7 578.7 582.5 587.8 593.2 593.8 587.3 578 567.5 564.4 554.3 536.6 528.4 522.9 520.9 523.5 529.6 549.4 550.8 550.2 552.7 555.2 555.8 554.5 549.6 549.5 549.4 549.5 554.3 557.1 557.7 557.6 555.7 
576.8 576.7 576.8 576.8 576.8 576.7 576.7 576.6 576.7 577.5 581.6 593.1 595.6 594 582.9 578.4 572.3 556.7 544.6 533.1 526.6 521.3 521.5 528.1 544 551.2 553.9 554.8 555.2 556.2 555.7 550.3 549.5 549.4 549.5 554.5 555.8 557.9 557.1 557.4 
576.8 576.7 576.8 576.8 576.8 576.6 576.6 576.6 576.6 576.8 578.1 590.3 597.5 598.5 592.8 585.4 575.4 568.4 551.9 538.9 529.9 524.3 520.5 525.1 538 553.1 555.6 555.5 555.4 555.7 556.4 554.4 549.9 549.4 549.4 551.7 556 557.5 555.6 555.2 
576.9 576.7 576.6 576.7 576.7 576.5 576.6 576.6 576.7 577.4 579.7 585.8 596.9 596.7 600.4 586.5 577 561.5 557.3 544.5 535.2 528.5 522.5 522.7 530.8 551.8 556.2 555.8 555.6 555.9 556.6 556 557.3 556.4 559 555.2 555.9 556.9 555.8 553.6 
577.4 577 576.8 576.6 576.6 576.5 576.5 576.5 576.7 576.8 580.3 581.1 589.1 593.4 592.7 589.3 577.7 572.2 558.9 548.5 540.6 530.9 524.8 521.6 528.2 546.9 556.6 555.9 555.2 556.8 557.2 557.4 559.7 559.7 560.3 559.3 552.3 557.9 551.1 553 
578.7 580.4 582.3 578.6 576.8 576.7 576.6 576.6 576.6 578.3 579.2 578.5 582.5 586.6 582.4 591.5 581.6 575.6 567.1 559.3 543.1 535.6 528.9 523.1 523.4 538.1 555.9 555.6 556.1 558.1 558.5 560.8 561 560.4 560.8 560.1 555.9 553.7 550.1 557.1 
