resources/small-version-of-dgm_2.grd
ncols         40
nrows         20
xllcorner     4490660
yllcorner     5320200
cellsize      1
NODATA_value  -9999
558.21 558.17 558.13 558.08 558.08 558.04 557.99 557.96 557.93 557.85 557.81 557.74 557.7 557.67 557.63 557.58 557.54 557.51 557.48 557.45 557.41 557.38 557.35 557.33 557.3 557.3 557.27 557.22 557.22 557.2 557.18 557.12 557.12 557.1 557.1 557.09 557.06 557.07 557.05 557.04 
558.16 558.12 558.09 558.02 558.02 558.01 557.94 557.9 557.88 557.8 557.76 557.71 557.65 557.62 557.57 557.54 557.5 557.44 557.41 557.37 557.35 557.32 557.29 557.29 557.25 557.23 557.2 557.15 557.16 557.11 557.11 557.06 557.06 557.03 557.02 557.03 556.99 556.99 556.99 556.96 
558.1 558.09 558.06 557.98 557.95 557.97 557.89 557.86 557.83 557.78 557.73 557.68 557.6 557.6 557.53 557.48 557.43 557.38 557.36 557.33 557.29 557.27 557.25 557.21 557.17 557.14 557.13 557.11 557.1 557.06 557.03 557 556.98 556.96 556.94 556.94 556.92 556.89 556.92 556.9 
558.06 558.03 558.02 557.95 557.92 557.94 557.86 557.83 557.79 557.75 557.69 557.65 557.54 557.53 557.5 557.44 557.38 557.34 557.32 557.3 557.25 557.21 557.19 557.16 557.12 557.06 557.07 557.06 557.04 557 556.97 556.93 556.9 556.9 556.88 556.88 556.85 556.8 556.84 556.84 
558 557.97 557.98 557.92 557.86 557.88 557.82 557.76 557.72 557.71 557.65 557.61 557.51 557.46 557.45 557.38 557.32 557.27 557.25 557.23 557.2 557.14 557.14 557.11 557.06 557 557.01 556.99 556.96 556.94 556.9 556.87 556.82 556.82 556.82 556.8 556.79 556.75 556.74 556.76 
557.96 557.91 557.92 557.89 557.81 557.81 557.8 557.73 557.7 557.67 557.61 557.56 557.5 557.42 557.4 557.36 557.3 557.23 557.19 557.17 557.15 557.1 557.07 557.04 557 556.94 556.92 556.92 556.89 556.87 556.84 556.82 556.76 556.73 556.73 556.72 556.72 556.71 556.66 556.68 
557.91 557.86 557.85 557.85 557.78 557.74 557.75 557.69 557.67 557.63 557.58 557.52 557.47 557.39 557.37 557.33 557.28 557.2 557.14 557.11 557.11 557.07 557.02 557 556.96 556.91 556.86 556.87 556.83 556.81 556.76 556.77 556.71 556.65 556.64 556.65 556.64 556.64 556.6 556.62 
557.86 557.82 557.81 557.78 557.73 557.7 557.72 557.65 557.6 557.57 557.53 557.47 557.41 557.35 557.34 557.29 557.21 557.16 557.13 557.08 557.06 557 556.95 556.95 556.91 556.88 556.81 556.8 556.76 556.74 556.68 556.68 556.65 556.59 556.57 556.58 556.58 556.55 556.52 556.53 
557.81 557.78 557.78 557.74 557.7 557.66 557.66 557.62 557.56 557.54 557.48 557.44 557.4 557.32 557.27 557.26 557.18 557.12 557.07 557.03 556.99 556.94 556.9 556.89 556.85 556.79 556.74 556.73 556.72 556.69 556.64 556.61 556.59 556.55 556.51 556.49 556.5 556.49 556.45 556.45 
557.79 557.75 557.71 557.71 557.69 557.63 557.61 557.58 557.5 557.5 557.44 557.4 557.38 557.3 557.2 557.22 557.16 557.08 557.02 556.99 556.96 556.92 556.86 556.83 556.81 556.74 556.7 556.68 556.66 556.63 556.6 556.57 556.55 556.49 556.46 556.43 556.43 556.43 556.39 556.37 
557.76 557.71 557.66 557.67 557.64 557.59 557.56 557.56 557.51 557.48 557.4 557.36 557.33 557.29 557.18 557.17 557.13 557.05 557 556.95 556.9 556.88 556.83 556.77 556.74 556.7 556.67 556.64 556.6 556.57 556.54 556.51 556.48 556.4 556.38 556.36 556.36 556.37 556.34 556.32 
557.69 557.67 557.63 557.62 557.57 557.54 557.49 557.52 557.52 557.45 557.38 557.32 557.27 557.22 557.15 557.12 557.1 557.03 556.98 556.91 556.86 556.84 556.81 556.75 556.69 556.65 556.61 556.58 556.54 556.51 556.48 556.43 556.41 556.37 556.33 556.31 556.31 556.31 556.32 556.3 
557.64 557.62 557.6 557.56 557.54 557.52 557.46 557.44 557.44 557.39 557.36 557.3 557.23 557.19 557.13 557.07 557.07 556.99 556.93 556.87 556.83 556.79 556.77 556.72 556.66 556.63 556.58 556.53 556.5 556.46 556.42 556.4 556.35 556.33 556.27 556.25 556.25 556.25 556.27 556.25 
557.61 557.56 557.54 557.51 557.5 557.47 557.43 557.39 557.39 557.34 557.33 557.26 557.2 557.18 557.13 557.05 557.04 556.97 556.91 556.85 556.8 556.75 556.72 556.67 556.62 556.58 556.54 556.51 556.47 556.42 556.35 556.34 556.28 556.27 556.23 556.22 556.2 556.2 556.2 556.19 
557.59 557.54 557.51 557.49 557.46 557.43 557.38 557.35 557.37 557.3 557.28 557.21 557.15 557.13 557.1 557.02 557 556.94 556.87 556.81 556.75 556.71 556.67 556.62 556.57 556.52 556.49 556.47 556.42 556.39 556.31 556.28 556.24 556.22 556.2 556.16 556.14 556.14 556.16 556.15 
557.54 557.51 557.47 557.45 557.44 557.4 557.35 557.32 557.32 557.26 557.2 557.16 557.13 557.1 557.07 557 556.96 556.91 556.83 556.77 556.72 556.68 556.63 556.58 556.52 556.5 556.45 556.38 556.33 556.35 556.29 556.25 556.21 556.18 556.17 556.11 556.09 556.09 556.1 556.11 
557.49 557.46 557.42 557.39 557.38 557.35 557.31 557.28 557.26 557.22 557.16 557.14 557.11 557.05 557.03 556.96 556.91 556.89 556.8 556.73 556.68 556.68 556.61 556.56 556.48 556.45 556.42 556.33 556.3 556.29 556.25 556.19 556.14 556.1 556.12 556.07 556.05 556.05 556.05 556.06 
557.46 557.43 557.4 557.37 557.34 557.31 557.28 557.24 557.22 557.2 557.17 557.14 557.07 557.02 556.99 556.94 556.86 556.86 556.78 556.71 556.66 556.64 556.56 556.55 556.46 556.41 556.37 556.3 556.27 556.23 556.2 556.13 556.09 556.05 556.07 556.03 556.01 556.01 556.02 556.03 
557.42 557.39 557.37 557.33 557.28 557.26 557.23 557.18 557.16 557.15 557.12 557.08 557.04 556.98 556.95 556.91 556.83 556.81 556.76 556.68 556.64 556.61 556.52 556.5 556.42 556.38 556.35 556.28 556.25 556.18 556.17 556.1 556.08 556.03 556.03 556.02 555.97 555.95 555.98 555.98 
557.38 557.35 557.34 557.3 557.25 557.23 557.21 557.15 557.11 557.1 557.07 557.04 557.02 556.94 556.89 556.86 556.81 556.76 556.73 556.65 556.6 556.57 556.49 556.44 556.38 556.32 556.3 556.24 556.22 556.16 556.11 556.05 556.02 556 555.97 555.98 555.96 555.92 555.95 555.95 